Zeit[sec];Sollposition[°];Istposition[°];Positionsschleppfehler[°];Sollgeschwindigkeit[°/s];Istgeschwindigkeit[°/s];Geschwindigkeitsdifferenz[°/s];Sollbeschleunigung[°/s*s];Istbeschleunigung[°/s*s];Beschleunigungsdifferenz[°/s*s]
0.0;0.0;2.0;-2.0;-0.0;-0.000192;0.0;0.0;0.0;0.0
0.004;0.0;2.0;-2.0;-0.0;-0.000192;0.0;0.0;0.0;0.0
0.008;0.0;2.0;-2.0;-0.0;-0.000192;0.0;0.0;0.0;0.0
0.012;0.0;2.0;-2.0;-0.0;-0.000192;0.0;0.0;0.0;0.0
0.016;0.0;2.0;-2.0;-0.0;-0.000192;0.0;0.0;0.0;0.0
0.02;0.0;2.0;-2.0;-0.0;-0.000192;0.0;0.0;0.0;0.0
0.024;0.0;2.0;-2.0;-0.0;-0.000192;0.0;0.0;0.0;0.0
0.028;0.0;2.0;-2.0;-0.0;-0.000192;0.0;0.0;0.0;0.0
0.032;0.0;2.0;-2.0;-0.0;-0.000192;0.0;0.0;0.0;0.0
0.036000000000000004;0.0;2.0;-2.0;-0.0;-0.000192;0.0;0.0;0.0;0.0
0.04000000000000001;0.0;2.0;-2.0;-0.0;-0.000192;0.0;0.0;0.0;0.0
0.04400000000000001;0.0;2.0;-2.0;-0.0;-0.000192;0.0;0.0;0.0;0.0
0.048000000000000015;0.0;2.0;-2.0;-0.0;-0.000192;0.0;0.0;0.0;0.0
0.05200000000000002;0.0;2.0;-2.0;-0.0;-0.000192;0.0;0.0;0.0;0.0
0.05600000000000002;0.0;2.0;-2.0;-0.0;-0.000192;0.0;0.0;0.0;0.0
0.060000000000000026;0.0;2.0;-2.0;-0.0;-0.000192;0.0;0.0;0.0;0.0
0.06400000000000003;0.0;2.0;-2.0;-0.0;-0.000192;0.0;0.0;0.0;0.0
0.06800000000000003;-410.0;2.0;-2.0;-0.10260414999160997;-0.000192;0.0;-25.651037497902493;0.0;-25.651037497902493
0.07200000000000004;-4500.0;2.0;-412.0;-1.022519394504594;-0.000192;-0.14196414999160997;-229.97881112824604;0.0;-229.97881112824604
0.07600000000000004;-104438.0;-566.0;-3934.0;-24.984588806026633;-0.14215614999160997;-1.258027244512984;-5990.51735288051;0.0;-5990.51735288051
0.08000000000000004;-319363.0;-6166.0;-98272.0;-53.73127747975348;-1.400183394504594;-33.01851741152204;-7186.672168431712;0.0;-7186.672168431712
0.08400000000000005;-755872.0;-143840.0;-175523.0;-109.12718945188655;-34.418700806026635;-36.16278467372685;-13848.977993033268;-83.33333333333333;-13765.644659699934
0.08800000000000005;-1446517.0;-426165.0;-329707.0;-172.6611052116058;-70.58148547975348;-70.19757597213307;-15883.47893992981;-250.0;-15633.47893992981
0.09200000000000005;-2390964.0;-989281.0;-457236.0;-236.11180787236773;-140.77906145188655;-75.77669975971924;-15862.675665190487;-583.3333333333334;-15279.342331857153
0.09600000000000006;-3676638.0;-1855504.0;-535460.0;-321.41859803250276;-216.55576121160578;-70.96020666076197;-21326.697540033754;-1083.3333333333333;-20243.364206700422
0.10000000000000006;-5442886.0;-3005567.0;-671071.0;-441.5619273646189;-287.51596787236775;-98.32544616013502;-30035.832333029033;-1666.6666666666667;-28369.16566636237
0.10400000000000006;-7822834.0;-4548932.0;-893954.0;-594.9869283149573;-385.84141403250277;-141.5400973321161;-38356.25023758459;-2333.3333333333335;-36022.91690425126
0.10800000000000007;-10923329.0;-6658458.0;-1164376.0;-775.1237763221644;-527.3815113646189;-179.38551295033835;-45034.21200180179;-3166.6666666666665;-41867.545335135124
0.11200000000000007;-14833222.0;-9485526.0;-1437803.0;-977.4731132055235;-706.7670243149572;-206.3858400072072;-50587.33422083978;-4250.0;-46337.33422083978
0.11600000000000008;-19624172.0;-13138137.0;-1695085.0;-1197.7375138806965;-913.1528643221644;-227.04840888335923;-55066.100168793244;-5583.333333333333;-49482.76683545991
0.12000000000000008;-25335747.0;-17698942.0;-1925230.0;-1427.893636399326;-1140.2012732055236;-242.35832067517276;-57539.03062965736;-7166.666666666667;-50372.3639629907
0.12400000000000008;-31972440.0;-23229180.0;-2106567.0;-1659.1731534193573;-1382.5595938806964;-247.5644745186296;-57819.879255007836;-8916.666666666666;-48903.212588341165
0.12800000000000009;-39513534.0;-29749676.0;-2222764.0;-1885.273503991002;-1630.124068399326;-242.4344290200313;-56525.08764291116;-10833.333333333334;-45691.754309577824
0.1320000000000001;-47914494.0;-37239909.0;-2273625.0;-2100.23978772243;-1872.5584974193573;-230.9830065716444;-53741.57093285697;-12666.666666666666;-41074.90426619031
0.1360000000000001;-57106310.0;-45654075.0;-2260419.0;-2297.9539990510516;-2103.5415039910017;-213.69850773142798;-49428.552832155445;-14583.333333333334;-34845.219498822116
0.1400000000000001;-67000737.0;-54923035.0;-2183275.0;-2473.6066008472158;-2317.2400117224297;-190.30838732862185;-43913.150449041044;-16416.666666666668;-27496.483782374373
0.1440000000000001;-77496284.0;-64953228.0;-2047509.0;-2623.88661191983;-2507.5483990510515;-162.61906579616425;-37570.00276815359;-18083.333333333332;-19486.669434820255
0.1480000000000001;-88482651.0;-75633897.0;-1862387.0;-2746.591628983182;-2670.167464847216;-132.50829907261414;-30676.254265837997;-19500.0;-11176.254265837997
0.1520000000000001;-99849691.0;-86844600.0;-1638051.0;-2841.759933119174;-2802.67576391983;-101.16876106335212;-23792.076033998;-20750.0;-3042.0760339980006
0.1560000000000001;-111500606.0;-98459978.0;-1389713.0;-2912.728471000927;-2903.844524983182;-71.32785613599208;-17742.134470438257;-21833.333333333332;4091.198862895073
0.16000000000000011;-123354974.0;-110360667.0;-1139939.0;-2963.5917900377217;-2975.172381119174;-46.99023388175283;-12715.829759198641;-22666.666666666668;9950.836907468027
0.16400000000000012;-135344977.0;-122449317.0;-905657.0;-2997.500737767746;-3022.162615000927;-28.37224703679476;-8477.236932506115;-23166.666666666668;14689.429734160552
0.16800000000000012;-147417633.0;-134651456.0;-693521.0;-3018.1638541231887;-3050.5348620377217;-13.54389173002437;-5165.779088860631;-23500.0;18334.220911139368
0.17200000000000013;-159536302.0;-146907771.0;-509862.0;-3029.6671265807463;-3064.078753767746;-3.0318523554424246;-2875.8181143894035;-23750.0;20874.181885610597
0.17600000000000013;-171676996.0;-159176213.0;-360089.0;-3035.1732284370787;-3067.1106061231885;2.8749355424420173;-1376.5254640831017;-23916.666666666668;22540.141202583567
0.18000000000000013;-183824941.0;-171433155.0;-243841.0;-3036.986294405109;-3064.2356705807465;5.653706143667932;-453.2664920076286;-24000.0;23546.733507992372
0.18400000000000014;-195972473.0;-183667482.0;-157459.0;-3036.8827202020884;-3058.5819644370786;6.479606031969524;25.893550755199612;-23916.666666666668;23942.560217421866
0.18800000000000014;-208116868.0;-195875891.0;-96582.0;-3036.098518023608;-3052.102358405109;5.947766203020819;196.05054462010685;-23916.666666666668;24112.717211286774
0.19200000000000014;-220258172.0;-208060509.0;-56359.0;-3035.325920658338;-3046.154592202088;4.645610178480183;193.1493413175076;-23833.333333333332;24026.48267465084
0.19600000000000015;-232397479.0;-220226544.0;-31628.0;-3034.826745607462;-3041.508982023608;3.146773365270292;124.79376271903675;-23833.333333333332;23958.12709605237
0.20000000000000015;-244535902.0;-232379992.0;-17487.0;-3034.605530397784;-3038.3622086583377;1.8567110508761289;55.30380241941657;-23750.0;23805.303802419417
0.20400000000000015;-256674161.0;-244526013.0;-9889.0;-3034.5645708532247;-3036.5054976074616;0.9506232096773601;10.239886139856935;-23750.0;23760.239886139858
0.20800000000000016;-268812568.0;-256668232.0;-5929.0;-3034.601548886953;-3035.5548743977843;0.42111954455958767;-9.244508432061593;-23750.0;23740.75549156794
0.21200000000000016;-280951168.0;-268808767.0;-3801.0;-3034.649811610617;-3035.1337548532247;0.1673099662716595;-12.065680915952726;-23583.333333333332;23571.26765241738
0.21600000000000016;-293089892.0;-280948632.0;-2536.0;-3034.6810714308003;-3034.966444886953;0.07317727633608229;-7.814955045887473;-23416.666666666668;23408.85171162078
0.22000000000000017;-305228662.0;-293088205.0;-1687.0;-3034.6921608737835;-3034.893267610617;0.05024417981667284;-2.7723607457801336;-23083.333333333332;23080.56097258755
0.22400000000000017;-317367424.0;-305227577.0;-1085.0;-3034.690444998186;-3034.8430234308003;0.04670255701694259;0.4289688993139862;-22666.666666666668;22667.09563556598
0.22800000000000017;-329506161.0;-317366762.0;-662.0;-3034.6842192599383;-3034.7963208737833;0.042323875597048755;1.5564345619623055;-22000.0;22001.556434561964
0.23200000000000018;-341644877.0;-329505777.0;-384.0;-3034.6787111934395;-3034.7539969981863;0.03291373824777111;1.3770166247013549;-21333.333333333332;21334.710349958033
0.23600000000000018;-353783581.0;-341644661.0;-216.0;-3034.675790233016;-3034.7210832599385;0.021636066499013396;0.7302401058950636;-20583.333333333332;20584.063573439227
0.24000000000000019;-365922282.0;-353783458.0;-123.0;-3034.6752170239643;-3034.6994471934395;0.011848960423321842;0.14330226292713633;-19500.0;19500.143302262928
0.2440000000000002;-378060987.0;-365922208.0;-74.0;-3034.6759898147793;-3034.687598233016;0.0052772090521102655;-0.19319770376569068;-18166.666666666668;18166.473468962904
0.2480000000000002;-390199696.0;-378060937.0;-50.0;-3034.677189176287;-3034.682321023964;0.0015312091845771647;-0.29984037689700926;-16500.0;16499.700159623102
0.25200000000000017;-402338410.0;-390199660.0;-36.0;-3034.6782862059754;-3034.6807898147795;0.00014463849265666795;-0.2742574221201721;-14750.0;14749.72574257788
0.25600000000000017;-414477127.0;-402338382.0;-28.0;-3034.679113884396;-3034.680645176287;-0.0003290296886007127;-0.20691960514795937;-12833.333333333334;12833.126413728187
0.2600000000000002;-426615846.0;-414477105.0;-22.0;-3034.6797145270266;-3034.6809742059754;-0.00025167842068185564;-0.1501606576539416;-11000.0;10999.849839342347
0.2640000000000002;-438754567.0;-426615829.0;-17.0;-3034.6801972655603;-3034.681225884396;-0.00012064263046340784;-0.12068463342984614;-9166.666666666666;9166.545982033236
0.2680000000000002;-450893291.0;-438754554.0;-13.0;-3034.680655193976;-3034.6813465270266;-9.873853377939668e-05;-0.1144821038678856;-7333.333333333333;7333.218851229465
0.2720000000000002;-463032016.0;-450893279.0;-12.0;-3034.6811386599657;-3034.6814452655603;-0.00036192841525917174;-0.12086649746834155;-5666.666666666667;5666.545800169199
0.2760000000000002;-475170743.0;-463032006.0;-10.0;-3034.681661349068;-3034.6818071939756;-0.00029146598990337225;-0.1306722755316514;-4166.666666666667;4166.535994391135
0.2800000000000002;-487309472.0;-475170734.0;-9.0;-3034.6822170357664;-3034.6820986599655;-0.0004266891023689823;-0.13892167464746308;-2916.6666666666665;2916.527744992019
0.2840000000000002;-499448204.0;-487309464.0;-8.0;-3034.6827940252388;-3034.682525349068;-0.00045968669837748166;-0.1442473680981493;-1833.3333333333333;1833.189085965235
0.2880000000000002;-511586938.0;-499448195.0;-9.0;-3034.6833830263618;-3034.6829850357663;-0.0006729894726049679;-0.14725028074735746;-1083.3333333333333;1083.186083052586
0.2920000000000002;-523725675.0;-511586929.0;-9.0;-3034.6839793342842;-3034.683658025239;-0.0005890011229894299;-0.14907698061961128;-583.3333333333334;583.1842563527138
0.2960000000000002;-535864414.0;-523725665.0;-10.0;-3034.6845818982815;-3034.684247026362;-0.0006923079222360684;-0.15064099932260433;-166.66666666666666;166.51602566734405
0.3000000000000002;-548003155.0;-535864404.0;-10.0;-3034.6851915177836;-3034.684939334284;-0.0006025639972904173;-0.15240487550727266;83.33333333333333;-83.4857382088406
0.3040000000000002;-560141899.0;-548003146.0;-9.0;-3034.685809400221;-3034.6855418982814;-0.0005136195022714674;-0.15447060934548063;250.0;-250.15447060934548
0.3080000000000002;-572280645.0;-560141890.0;-9.0;-3034.6864364269804;-3034.6860555177836;-0.0006178824373819225;-0.15675668987569225;250.0;-250.1567566898757
0.3120000000000002;-584419394.0;-572280636.0;-9.0;-3034.687072989955;-3034.686673400221;-0.000627026759502769;-0.15914074367628928;166.66666666666666;-166.82580741034295
0.3160000000000002;-596558146.0;-584419385.0;-9.0;-3034.687719117507;-3034.6873004269805;-0.0006365629747051571;-0.16153188801126817;166.66666666666666;-166.82819855467793
0.32000000000000023;-608696900.0;-596558136.0;-10.0;-3034.688374667263;-3034.6879369899552;-0.000742127551802696;-0.16388743893003266;83.33333333333333;-83.49722077226336
0.32400000000000023;-620835656.0;-608696890.0;-10.0;-3034.6890394692437;-3034.688679117507;-0.0006555497557201306;-0.1662004951867857;166.66666666666666;-166.83286716185344
0.32800000000000024;-632974416.0;-620835647.0;-9.0;-3034.689713393294;-3034.6893346672628;-0.0005688019809895195;-0.16848101256528025;83.33333333333333;-83.50181434589861
0.33200000000000024;-645113178.0;-632974406.0;-10.0;-3034.6903963600457;-3034.6899034692437;-0.0007699240500187443;-0.17074168795261357;83.33333333333333;-83.50407502128594
0.33600000000000024;-657251943.0;-645113168.0;-10.0;-3034.691088325654;-3034.6906733932938;-0.0006829667518104543;-0.17299140210980113;0.0;-0.17299140210980113
0.34000000000000025;-669390711.0;-657251933.0;-10.0;-3034.6917892608462;-3034.6913563600456;-0.0006919656084392045;-0.17523379801787087;0.0;-0.17523379801787087
0.34400000000000025;-681529481.0;-669390701.0;-10.0;-3034.692499136601;-3034.692048325654;-0.0007009351920714835;-0.1774689386593309;0.0;-0.1774689386593309
0.34800000000000025;-693668255.0;-681529471.0;-10.0;-3034.6932179195956;-3034.692749260846;-0.0007098757546373236;-0.17969574867038318;0.0;-0.17969574867038318
0.35200000000000026;-705807031.0;-693668244.0;-11.0;-3034.693945569753;-3034.6934591366007;-0.0008147829948939034;-0.18191253934674023;0.0;-0.18191253934674023
0.35600000000000026;-717945810.0;-705807021.0;-10.0;-3034.694682043478;-3034.6942739195956;-0.0006316501571745903;-0.18411843132071226;0.0;-0.18411843132071226
0.36000000000000026;-730084593.0;-717945800.0;-10.0;-3034.695427295136;-3034.694905569753;-0.000736473725282849;-0.1863129144794584;0.0;-0.1863129144794584
0.36400000000000027;-742223378.0;-730084582.0;-11.0;-3034.696181278588;-3034.695642043478;-0.0008412516581302043;-0.18849586297164933;0.0;-0.18849586297164933
0.36800000000000027;-754362166.0;-742223367.0;-11.0;-3034.6969439477584;-3034.696483295136;-0.0007539834518865973;-0.19066729259975546;0.0;-0.19066729259975546
0.3720000000000003;-766500958.0;-754362155.0;-11.0;-3034.6977152566037;-3034.697237278588;-0.0007626691703990218;-0.19282721132185543;0.0;-0.19282721132185543
0.3760000000000003;-778639752.0;-766500946.0;-12.0;-3034.698495158798;-3034.6979999477585;-0.000867308845045045;-0.19497554853842303;0.0;-0.19497554853842303
0.3800000000000003;-790778550.0;-778639741.0;-11.0;-3034.699283607729;-3034.6988672566035;-0.0006839021943960688;-0.19711223274043732;0.0;-0.19711223274043732
0.3840000000000003;-802917351.0;-790778539.0;-11.0;-3034.7000805562247;-3034.699551158798;-0.0007884489309617493;-0.19923712397940108;0.0;-0.19923712397940108
0.3880000000000003;-815056155.0;-802917340.0;-11.0;-3034.700885956575;-3034.700339607729;-0.0007969484959176043;-0.2013500875364116;0.0;-0.2013500875364116
0.3920000000000003;-827194962.0;-815056144.0;-11.0;-3034.7016997603805;-3034.701136556225;-0.0008054003501456464;-0.2034509514032834;0.0;-0.2034509514032834
0.3960000000000003;-839333773.0;-827194951.0;-11.0;-3034.7025219188645;-3034.701941956575;-0.0008138038056131336;-0.2055396209925675;0.0;-0.2055396209925675
0.4000000000000003;-851472587.0;-839333762.0;-11.0;-3034.703352382528;-3034.7027557603806;-0.00082215848397027;-0.20761591588325246;0.0;-0.20761591588325246
0.4040000000000003;-863611404.0;-851472576.0;-11.0;-3034.704191101778;-3034.7035779188645;-0.0008304636635330098;-0.20967981254216284;0.0;-0.20967981254216284
0.4080000000000003;-875750225.0;-863611393.0;-11.0;-3034.7050380261117;-3034.704408382528;-0.0008387192501686513;-0.21173108336824953;0.0;-0.21173108336824953
0.4120000000000003;-887889049.0;-875750213.0;-12.0;-3034.705893104677;-3034.7052471017782;-0.0009429243332306214;-0.21376964139108168;0.0;-0.21376964139108168
0.4160000000000003;-900027877.0;-887889037.0;-12.0;-3034.706756286375;-3034.7061900261115;-0.0008550785655643267;-0.21579542442395905;0.0;-0.21579542442395905
0.4200000000000003;-912166708.0;-900027865.0;-12.0;-3034.7076275191307;-3034.707045104677;-0.0008631816976958362;-0.21780818894967524;0.0;-0.21780818894967524
0.4240000000000003;-924305542.0;-912166696.0;-12.0;-3034.708506750744;-3034.7079082863747;-0.000871232755798701;-0.21980790336328937;0.0;-0.21980790336328937
0.4280000000000003;-936444381.0;-924305531.0;-11.0;-3034.709393928575;-3034.7087795191305;-0.0007832316136955342;-0.22179445772962936;0.0;-0.22179445772962936
0.43200000000000033;-948583222.0;-936444369.0;-12.0;-3034.7102889994194;-3034.709562750744;-0.0009831778306761407;-0.22376771107701643;0.0;-0.22376771107701643
0.43600000000000033;-960722068.0;-948583211.0;-11.0;-3034.7111919092863;-3034.710545928575;-0.0007990708445504424;-0.22572746672722133;0.0;-0.22572746672722133
0.44000000000000034;-972860917.0;-960722056.0;-12.0;-3034.712102604248;-3034.7113449994195;-0.0009989098666665086;-0.22767374036902766;0.0;-0.22767374036902766
0.44400000000000034;-984999769.0;-972860905.0;-12.0;-3034.713021029497;-3034.712343909286;-0.0009106949614761106;-0.22960631235946494;0.0;-0.22960631235946494
0.44800000000000034;-997138626.0;-984999758.0;-11.0;-3034.713947130071;-3034.7132546042476;-0.0008224252496802364;-0.23152514347657416;0.0;-0.23152514347657416
0.45200000000000035;-1009277486.0;-997138614.0;-12.0;-3034.71488085044;-3034.7140770294973;-0.00102210057366392;-0.23343009218024235;0.0;-0.23343009218024235
0.45600000000000035;-1021416350.0;-1009277474.0;-12.0;-3034.715822134258;-3034.715099130071;-0.0009337203687209694;-0.23532095451628265;0.0;-0.23532095451628265
0.46000000000000035;-1033555217.0;-1021416338.0;-12.0;-3034.7167709252094;-3034.7160328504397;-0.0009412838180651306;-0.2371977378743395;0.0;-0.2371977378743395
0.46400000000000036;-1045694089.0;-1033555205.0;-12.0;-3034.7177271664473;-3034.7169741342577;-0.000948790951497358;-0.23906030946818646;0.0;-0.23906030946818646
0.46800000000000036;-1057832964.0;-1045694076.0;-13.0;-3034.7186908006206;-3034.717922925209;-0.0010522412380851165;-0.2409085433328073;0.0;-0.2409085433328073
0.47200000000000036;-1069971843.0;-1057832951.0;-13.0;-3034.7196617695613;-3034.7189751664473;-0.0009636341733312292;-0.24274223517295468;0.0;-0.24274223517295468
0.47600000000000037;-1082110727.0;-1069971830.0;-13.0;-3034.7206400153527;-3034.7199388006206;-0.0009709689406918187;-0.24456144785744982;0.0;-0.24456144785744982
0.48000000000000037;-1094249614.0;-1082110713.0;-14.0;-3034.721625479074;-3034.7209097695613;-0.0010742457911874226;-0.24636593036575505;0.0;-0.24636593036575505
0.4840000000000004;-1106388505.0;-1094249600.0;-14.0;-3034.72261810149;-3034.7219840153525;-0.0009854637214630202;-0.24815560391289182;0.0;-0.24815560391289182
0.4880000000000004;-1118527400.0;-1106388491.0;-14.0;-3034.7236178234275;-3034.722969479074;-0.0009926224156515673;-0.24993048441501742;0.0;-0.24993048441501742
0.4920000000000004;-1130666299.0;-1118527386.0;-14.0;-3034.724624584489;-3034.7239621014896;-0.0009997219376600697;-0.25169026537241734;0.0;-0.25169026537241734
0.4960000000000004;-1142805202.0;-1130666285.0;-14.0;-3034.7256383242457;-3034.7249618234273;-0.0010067610614896694;-0.25343493916807347;0.0;-0.25343493916807347
0.5000000000000003;-1154944109.0;-1142805188.0;-14.0;-3034.726658982049;-3034.725968584489;-0.0010137397566722939;-0.25516445077755634;0.0;-0.25516445077755634
0.5040000000000003;-1167083020.0;-1154944095.0;-14.0;-3034.727686496308;-3034.7269823242455;-0.0010206578031102254;-0.25687856475542503;0.0;-0.25687856475542503
0.5080000000000003;-1179221936.0;-1167083007.0;-13.0;-3034.728720805556;-3034.7280029820486;-0.0009315142592640768;-0.2585773120244994;0.0;-0.2585773120244994
0.5120000000000003;-1191360856.0;-1179221922.0;-14.0;-3034.729761847921;-3034.728934496308;-0.001130309247855621;-0.26026059128980705;0.0;-0.26026059128980705
0.5160000000000003;-1203499779.0;-1191360842.0;-14.0;-3034.7308095605235;-3034.7300648055557;-0.0010410423651592282;-0.2619281506213156;0.0;-0.2619281506213156
0.5200000000000004;-1215638707.0;-1203499766.0;-13.0;-3034.7318638804845;-3034.731105847921;-0.000951712602727639;-0.26357999024639867;0.0;-0.26357999024639867
0.5240000000000004;-1227777640.0;-1215638694.0;-13.0;-3034.732924744674;-3034.7320575605236;-0.0010543199609855947;-0.2652160474099219;0.0;-0.2652160474099219
0.5280000000000004;-1239916576.0;-1227777626.0;-14.0;-3034.733992088957;-3034.7331118804846;-0.0011568641893973108;-0.26683607075028704;0.0;-0.26683607075028704
0.5320000000000004;-1252055517.0;-1239916563.0;-13.0;-3034.735065850142;-3034.734268744674;-0.0009713442832435248;-0.2684402961676824;0.0;-0.2684402961676824
0.5360000000000004;-1264194462.0;-1252055503.0;-14.0;-3034.7361459624585;-3034.735240088957;-0.0011697611844283529;-0.2700280791714249;0.0;-0.2700280791714249
0.5400000000000004;-1276333412.0;-1264194448.0;-14.0;-3034.737232362275;-3034.7364098501416;-0.0010801123166856996;-0.2715999540896519;0.0;-0.2715999540896519
0.5440000000000004;-1288472366.0;-1276333397.0;-15.0;-3034.738324983132;-3034.7374899624583;-0.0011823998165709781;-0.27315521424498;0.0;-0.27315521424498
0.5480000000000004;-1300611324.0;-1288472351.0;-15.0;-3034.7394237607064;-3034.738672362275;-0.00109262085697992;-0.2746943936244861;0.0;-0.2746943936244861
0.5520000000000004;-1312750287.0;-1300611310.0;-14.0;-3034.7405286274698;-3034.739764983132;-0.0010027775742855738;-0.27621669084965106;0.0;-0.27621669084965106
0.5560000000000004;-1324889254.0;-1312750273.0;-14.0;-3034.741639518661;-3034.740767760706;-0.0011048667633986042;-0.27772279781856923;0.0;-0.27772279781856923
0.5600000000000004;-1337028225.0;-1324889240.0;-14.0;-3034.7427563659976;-3034.7418726274695;-0.001110891191274277;-0.2792118341403693;0.0;-0.2792118341403693
0.5640000000000004;-1349167201.0;-1337028211.0;-14.0;-3034.7438791035233;-3034.742983518661;-0.0011168473365614773;-0.2806843814369131;0.0;-0.2806843814369131
0.5680000000000004;-1361306182.0;-1349167187.0;-14.0;-3034.745007663145;-3034.7441003659974;-0.0011227375257476524;-0.2821399053800633;0.0;-0.2821399053800633
0.5720000000000004;-1373445167.0;-1361306167.0;-15.0;-3034.7461419769597;-3034.745223103523;-0.0012245596217326238;-0.2835784537182917;0.0;-0.2835784537182917
0.5760000000000004;-1385584157.0;-1373445152.0;-15.0;-3034.7472819775653;-3034.746447663145;-0.0011343138148731668;-0.28500015139343304;0.0;-0.28500015139343304
0.5800000000000004;-1397723151.0;-1385584142.0;-15.0;-3034.748427595425;-3034.7475819769597;-0.0011400006055737322;-0.28640446487315785;0.0;-0.28640446487315785
0.5840000000000004;-1409862150.0;-1397723136.0;-15.0;-3034.7495787625076;-3034.7487219775653;-0.0011456178594926314;-0.28779177068827266;0.0;-0.28779177068827266
0.5880000000000004;-1422001154.0;-1409862135.0;-15.0;-3034.7507354086497;-3034.749867595425;-0.0011511670827530907;-0.28916153553382173;0.0;-0.28916153553382173
0.5920000000000004;-1434140162.0;-1422001139.0;-15.0;-3034.7518974653804;-3034.7510187625076;-0.001156646142135287;-0.2905141826659019;0.0;-0.2905141826659019
0.5960000000000004;-1446279175.0;-1434140147.0;-15.0;-3034.7530648620323;-3034.7521754086497;-0.0011620567306636076;-0.29184916297708696;0.0;-0.29184916297708696
0.6000000000000004;-1458418192.0;-1446279160.0;-15.0;-3034.7542375287553;-3034.7533374653804;-0.0011673966519083478;-0.2931666807626243;0.0;-0.2931666807626243
0.6040000000000004;-1470557214.0;-1458418178.0;-14.0;-3034.755415394753;-3034.7545048620323;-0.0010766667228381266;-0.29446649944020464;0.0;-0.29446649944020464
0.6080000000000004;-1482696241.0;-1470557200.0;-14.0;-3034.7565983894856;-3034.755581528755;-0.0011778659977608186;-0.29574868312920444;0.0;-0.29574868312920444
0.6120000000000004;-1494835273.0;-1482696227.0;-14.0;-3034.757786441468;-3034.756759394753;-0.0011829947325168177;-0.2970129955883749;0.0;-0.2970129955883749
0.6160000000000004;-1506974309.0;-1494835258.0;-15.0;-3034.7589794794662;-3034.7579423894854;-0.0012840519825658703;-0.2982594995728505;0.0;-0.2982594995728505
0.6200000000000004;-1519113351.0;-1506974294.0;-15.0;-3034.7601774316818;-3034.759226441468;-0.0011930379982914019;-0.2994880538835787;0.0;-0.2994880538835787
0.6240000000000004;-1531252397.0;-1519113335.0;-16.0;-3034.761380225751;-3034.7604194794662;-0.0012939522157466854;-0.3006985173215071;0.0;-0.3006985173215071
0.6280000000000004;-1543391448.0;-1531252381.0;-16.0;-3034.7625877898126;-3034.761713431682;-0.0012027940692860284;-0.30189101539690455;0.0;-0.30189101539690455
0.6320000000000005;-1555530504.0;-1543391432.0;-16.0;-3034.763800050246;-3034.7629162257513;-0.0012075640615876182;-0.30306510836908274;0.0;-0.30306510836908274
0.6360000000000005;-1567669564.0;-1555530488.0;-16.0;-3034.7650169353155;-3034.764123789813;-0.001212260433476331;-0.3042212673562972;0.0;-0.3042212673562972
0.6400000000000005;-1579808630.0;-1567669549.0;-15.0;-3034.766238370521;-3034.7653360502463;-0.001120885069212818;-0.3053588013699482;0.0;-0.3053588013699482
0.6440000000000005;-1591947700.0;-1579808614.0;-16.0;-3034.767464283499;-3034.7664569353155;-0.0013174352056921634;-0.3064782445107994;0.0;-0.3064782445107994
0.6480000000000005;-1604086776.0;-1591947685.0;-15.0;-3034.768694599373;-3034.7677743705212;-0.001129912977830827;-0.30757896843169874;0.0;-0.30757896843169874
0.6520000000000005;-1616225856.0;-1604086760.0;-16.0;-3034.769929244459;-3034.768904283499;-0.0013263158739391656;-0.3086612715605952;0.0;-0.3086612715605952
0.6560000000000005;-1628364941.0;-1616225840.0;-16.0;-3034.771168144384;-3034.770230599373;-0.0012346450862423808;-0.3097249812071823;0.0;-0.3097249812071823
0.6600000000000005;-1640504031.0;-1628364925.0;-16.0;-3034.7724112249616;-3034.7714652444593;-0.0012388999248287291;-0.3107701444378108;0.0;-0.3107701444378108
0.6640000000000005;-1652643126.0;-1640504015.0;-16.0;-3034.773658410436;-3034.772704144384;-0.0012430805777512433;-0.3117963685781433;0.0;-0.3117963685781433
0.6680000000000005;-1664782227.0;-1652643110.0;-16.0;-3034.7749096260563;-3034.773947224962;-0.0012471854743125732;-0.3128039051034648;0.0;-0.3128039051034648
0.6720000000000005;-1676921332.0;-1664782210.0;-17.0;-3034.77616479682;-3034.775194410436;-0.0013472156201714824;-0.31379269091758033;0.0;-0.31379269091758033
0.6760000000000005;-1689060442.0;-1676921316.0;-16.0;-3034.7774238467205;-3034.7765416260563;-0.001159170763912698;-0.3147624751136391;0.0;-0.3147624751136391
0.6800000000000005;-1701199558.0;-1689060426.0;-16.0;-3034.778686699247;-3034.77770079682;-0.0012590499004545563;-0.315713131612938;0.0;-0.315713131612938
0.6840000000000005;-1713338678.0;-1701199541.0;-17.0;-3034.779953279335;-3034.7789598467207;-0.0013588525262093754;-0.3166450220533079;0.0;-0.3166450220533079
0.6880000000000005;-1725477803.0;-1713338662.0;-16.0;-3034.7812235097836;-3034.780318699247;-0.0011705800884556083;-0.3175576121066115;0.0;-0.3175576121066115
0.6920000000000005;-1737616934.0;-1725477787.0;-16.0;-3034.782497314523;-3034.7814892793353;-0.001270230448426446;-0.31845118485307466;0.0;-0.31845118485307466
0.6960000000000005;-1749756070.0;-1737616918.0;-16.0;-3034.7837746164773;-3034.782759509784;-0.0012738047394122987;-0.31932548859003873;0.0;-0.31932548859003873
0.7000000000000005;-1761895210.0;-1749756054.0;-16.0;-3034.785055338509;-3034.784033314523;-0.001277301954360155;-0.3201805079697806;0.0;-0.3201805079697806
0.7040000000000005;-1774032742.0;-1761895195.0;-15.0;-3034.3828492010953;-3034.7853106164775;-0.0011847220316667517;100.5515343534853;0.0;100.5515343534853
0.7080000000000005;-1786162098.0;-1774034340.0;1598.0;-3032.3386394966087;-3034.786495338509;0.5570541374140703;511.0524261216369;0.0;511.0524261216369
0.7120000000000005;-1798270658.0;-1786171257.0;9159.0;-3027.1399807212424;-3034.229441201095;2.7700657044865693;1299.664693841578;0.0;1299.664693841578
0.7160000000000005;-1810338813.0;-1798297094.0;26436.0;-3017.038644247419;-3031.4593754966086;6.857250775366083;2525.3341184558167;0.0;2525.3341184558167
0.7200000000000005;-1822335856.0;-1810395502.0;56689.0;-2999.260550006018;-3024.6021247212425;13.005624473823445;4444.523560350262;0.0;4444.523560350262
0.7240000000000005;-1834216090.0;-1822441888.0;106032.0;-2970.058341095835;-3011.596500247419;22.515022241400857;7300.552227545722;83.33333333333333;7217.218894212389
0.7280000000000005;-1845925259.0;-1834398213.0;182123.0;-2927.292088047151;-2989.081478006018;36.50694491018294;10691.56326217103;166.66666666666666;10524.896595504364
0.7320000000000005;-1857404359.0;-1846208511.0;283252.0;-2869.7749404917517;-2952.5745330958352;52.474637048684144;14379.286888849834;416.6666666666667;13962.620222183166
0.7360000000000005;-1868587240.0;-1857808910.0;404551.0;-2795.720062212045;-2900.099896047151;69.16185155539915;18513.719569926707;666.6666666666666;17847.05290326004
0.7400000000000005;-1879394161.0;-1869132662.0;545422.0;-2701.730190062006;-2830.938044491752;87.57849427970723;23497.46803750975;1083.3333333333333;22414.134704176413
0.7440000000000005;-1889789325.0;-1880106100.0;711939.0;-2598.790860543921;-2743.3595502120447;109.97550415003889;25734.83237952121;1666.6666666666667;24068.16571285454
0.7480000000000006;-1899679257.0;-1890639636.0;850311.0;-2472.4828870663846;-2633.384046062006;116.22304151808476;31576.993369384127;2333.3333333333335;29243.660036050795
0.7520000000000006;-1909019047.0;-1900708280.0;1029023.0;-2334.9474320452973;-2517.161004543921;143.46432547753648;34383.86375527182;3166.6666666666665;31217.197088605153
0.7560000000000006;-1917764600.0;-1910203066.0;1184019.0;-2186.388062917314;-2373.6966790663846;152.41507102108744;37139.842281995814;4083.3333333333335;33056.50894866248
0.7600000000000006;-1925884747.0;-1919088192.0;1323592.0;-2030.0366884641624;-2221.281608045297;161.9583771279831;39087.84361328793;5166.666666666667;33921.176946621265
0.7640000000000006;-1933358427.0;-1927325484.0;1440737.0;-1868.4198668912481;-2059.323230917314;167.5972944531518;40404.20539322855;6416.666666666667;33987.538726561885
0.7680000000000006;-1940172089.0;-1934892387.0;1533960.0;-1703.4153853665007;-1891.7259364641623;170.56622957291415;41251.12038118686;7666.666666666667;33584.4537145202
0.7720000000000006;-1946318200.0;-1941777025.0;1604936.0;-1536.5277476311496;-1721.159706891248;171.8181775247474;41721.90943383777;9000.0;32721.909433837765
0.7760000000000006;-1951795009.0;-1947974391.0;1656191.0;-1369.2021571950877;-1549.3415293665007;171.80811773535106;41831.39760901548;10250.0;31581.397609015483
0.7800000000000006;-1956607770.0;-1953484524.0;1689515.0;-1203.190181013465;-1377.5334116311496;170.52469443606196;41502.99404540567;11583.333333333334;29919.66071207234
0.7840000000000006;-1960768405.0;-1958312558.0;1704788.0;-1040.1586150694927;-1207.0087171950877;167.47818418162274;40757.891485993074;12916.666666666666;27841.224819326406
0.7880000000000006;-1964295769.0;-1962470680.0;1702275.0;-881.8411129650888;-1039.530533013465;162.79031794397224;39579.37552610099;14250.0;25329.37552610099
0.7920000000000006;-1967219633.0;-1965977640.0;1681871.0;-730.9660172361358;-876.7402150694927;156.35871810440392;37718.77393223823;15583.333333333334;22135.4405989049
0.7960000000000006;-1969582348.0;-1968859165.0;1639532.0;-590.678692047774;-720.3814969650888;146.810551728953;35071.83129709045;16833.333333333332;18238.497963757123
0.8000000000000006;-1971436078.0;-1971153448.0;1571100.0;-463.43242988030215;-573.5709452361358;133.7178531883618;31811.565541867963;18083.333333333332;13728.232208534631
0.8040000000000006;-1972839621.0;-1972912860.0;1476782.0;-350.88581992392704;-439.853092047774;118.19173416747185;28136.652489093776;19166.666666666668;8969.985822427108
0.8080000000000006;-1973827348.0;-1974199505.0;1359884.0;-246.93163034636785;-321.66135788030215;101.32440195637511;25988.547394389796;20250.0;5738.547394389798
0.8120000000000006;-1974524086.0;-1975080852.0;1253504.0;-174.18437076367965;-220.33695592392704;93.74170957755919;18186.81489567205;21166.666666666668;-2979.8517709946177
0.8160000000000006;-1974892658.0;-1975587232.0;1063146.0;-92.14310718303666;-126.59524634636784;54.47289158268819;20510.315895160747;22000.0;-1489.6841048392523
0.8200000000000006;-1975029048.0;-1975875721.0;983063.0;-34.09738516810863;-72.12235476367965;74.35329558064299;14511.430503732008;22583.333333333332;-8071.902829601324
0.8240000000000006;-1975044327.0;-1975866798.0;837750.0;-3.8197836541953483;2.23094081696334;44.095674014928036;7569.400378478321;23166.666666666668;-15597.266288188348
0.8280000000000006;-1975054740.0;-1975681492.0;637165.0;-2.6033548410528238;46.326614831891376;11.021441513913274;304.1072032856311;23583.333333333332;-23279.2261300477
0.8320000000000006;-1975039173.0;-1975452100.0;397360.0;3.8916722916323288;57.34805634580465;-21.804851186857476;1623.7567831712881;24000.0;-22376.243216828712
0.8360000000000006;-1975019588.0;-1975309928.0;270755.0;4.89641728831615;35.543205158947174;-5.659052867314845;251.18624917095534;24083.333333333332;-23832.147084162378
0.8400000000000006;-1975005567.0;-1975190392.0;170804.0;3.5050824194842223;29.88415229163233;-8.590551003316179;-347.833717207982;24083.333333333332;-24431.167050541313
0.8440000000000006;-1974998716.0;-1975105218.0;99651.0;1.7128756608686617;21.29360128831615;-8.222022868831928;-448.05168965389015;23916.666666666668;-24364.718356320558
0.8480000000000006;-1974997011.0;-1975052932.0;54216.0;0.4262479446983599;13.071578419484222;-6.15396675861556;-321.6569290425754;23833.333333333332;-24154.990262375908
0.8520000000000006;-1974997780.0;-1975025262.0;28251.0;-0.19223132126797096;6.917611660868662;-3.7792677161703017;-154.61981649158272;23666.666666666668;-23821.286483158252
0.8560000000000006;-1974999095.0;-1975012709.0;14929.0;-0.3288710694008351;3.1383439446983603;-1.8973912659663312;-34.15993703321603;23583.333333333332;-23617.493270366547
0.8600000000000007;-1975000041.0;-1975007746.0;8651.0;-0.23633467075589973;1.240952678732029;-0.7393277481328642;23.134099661233844;23333.333333333332;-23310.199233672098
0.8640000000000007;-1975000432.0;-1975005740.0;5699.0;-0.09783156643015564;0.5016249305991649;-0.19085560135506463;34.62577608143602;23083.333333333332;-23048.707557251895
0.8680000000000007;-1975000432.0;-1975004497.0;4065.0;2.171673091690308e-06;0.3107693292441003;-0.018360895674255917;24.458434525811832;22583.333333333332;-22558.87489880752
0.8720000000000007;-1975000010.0;-1975003328.0;2896.0;0.10535981838027558;0.29240843356984436;-0.014390261896752687;26.339411676795972;22083.333333333332;-22056.993921656536
0.8760000000000007;-1974997275.0;-1975002216.0;2206.0;0.6837825218446907;0.2780181716730917;0.03911764670718393;144.60567586610378;21333.333333333332;-21188.72765746723
0.8800000000000007;-1974984554.0;-1975000948.0;3673.0;3.1803097877999917;0.3171358183802756;0.7192547034644151;624.1318164888253;20583.333333333332;-19959.201516844507
0.8840000000000007;-1974825108.0;-1974996803.0;12249.0;39.861588416956835;1.0363905218446907;3.319823265955301;9170.31965728921;19583.333333333332;-10413.013676044122
0.8880000000000007;-1974571226.0;-1974979379.0;154271.0;63.470538704451435;4.356213787799992;50.315390629156845;5902.23757187365;18583.333333333332;-12681.095761459683
0.8920000000000007;-1974134952.0;-1974760693.0;189467.0;109.06833812227637;54.67160441695684;26.987766287494594;11399.449854456234;17500.0;-6100.550145543765
0.8960000000000007;-1973510752.0;-1974434056.0;299104.0;156.05015023149772;81.65937070445143;56.12295141782495;11745.453027305339;16500.0;-4754.546972694662
0.9000000000000007;-1972690433.0;-1973882927.0;372175.0;205.07974051001185;137.78232212227638;53.99662810922135;12257.39756962853;15500.0;-3242.60243037147
0.9040000000000007;-1971597430.0;-1973115812.0;425379.0;273.2505392624048;191.77895023149773;54.137174278514124;17042.699688098237;14500.0;2542.6996880982388
0.9080000000000007;-1970137602.0;-1972132148.0;534718.0;364.95711095992107;245.91612451001185;78.66734275239293;22926.642924379066;13583.333333333334;9343.309591045732
0.9120000000000007;-1968229259.0;-1970833815.0;696213.0;477.08565578429824;324.5834672624048;107.2100916975163;28032.136206094292;12750.0;15282.136206094294
0.9160000000000007;-1965807938.0;-1969106641.0;877382.0;605.3302121144559;431.7935589599211;129.52076882437717;32061.139082539412;12083.333333333334;19977.80574920608
0.9200000000000007;-1962821093.0;-1966861384.0;1053446.0;746.7112328203185;561.3143277842983;145.1467003301576;35345.25517646565;11583.333333333334;23761.92184313232
0.9240000000000007;-1959228105.0;-1964035540.0;1214447.0;898.2470236653473;706.4610281144559;156.83711670586263;37883.947711257206;11166.666666666666;26717.28104459054
0.9280000000000007;-1955000698.0;-1960582348.0;1354243.0;1056.8516802230295;863.2981448203185;164.95620684502876;39651.16413942053;11083.333333333334;28567.830806087197
0.9320000000000007;-1950120405.0;-1956469331.0;1468633.0;1220.0732923755165;1028.2543516653473;169.58609655768214;40805.40303812177;11166.666666666666;29638.736371455103
0.9360000000000007;-1944576118.0;-1951677970.0;1557565.0;1386.0715092157757;1197.8404482230294;171.75908415248705;41499.55421006479;11500.0;29999.554210064787
0.9400000000000007;-1938362323.0;-1946199572.0;1623454.0;1553.4487797976324;1369.5995323755164;172.32356084025923;41844.31764546417;11916.666666666666;29927.65097879751
0.9440000000000007;-1931478980.0;-1940031880.0;1669557.0;1720.8355261358806;1541.9230932157757;171.80315858185668;41846.68658456206;12416.666666666666;29430.0199178954
0.9480000000000007;-1923933474.0;-1933176975.0;1697995.0;1886.3765490664036;1713.7262517976324;170.11679433824838;41385.25573263075;13166.666666666666;28218.589065964086
0.9520000000000007;-1915740722.0;-1925641603.0;1708129.0;2048.1879666093073;1883.8430461358807;166.51388693052286;40452.854385725914;13916.666666666666;26536.18771905925
0.9560000000000007;-1906923192.0;-1917440176.0;1699454.0;2204.3824122411866;2050.3569330664036;160.97861754290352;39048.611407969816;14833.333333333334;24215.27807463648
0.9600000000000007;-1897514209.0;-1908594834.0;1671642.0;2352.2455528491973;2211.335550609307;153.52449363187952;36965.785152002696;15750.0;21215.785152002696
0.9640000000000007;-1887559266.0;-1899135394.0;1621185.0;2488.735490817116;2364.8600442411866;143.01926860801086;34122.48449197966;16916.666666666668;17205.817825312995
0.9680000000000007;-1877113492.0;-1889103877.0;1544611.0;2611.4433994401256;2507.8793128491975;129.13883396791834;30676.97715575241;18083.333333333332;12593.643822419079
0.9720000000000008;-1866239289.0;-1878555805.0;1442313.0;2718.550783795026;2637.018146817116;112.88730062300965;26776.84608872505;19333.333333333332;7443.512755391719
0.9760000000000008;-1855004773.0;-1867556184.0;1316895.0;2808.628771279136;2749.9054474401255;95.06725635490056;22519.496871027513;20333.333333333332;2186.1635376941813
0.9800000000000008;-1843480284.0;-1856176294.0;1171521.0;2881.1221382340345;2844.972703795026;76.12208348410968;18123.341738724663;21333.333333333332;-3209.9915946086703
0.9840000000000008;-1831732862.0;-1844491915.0;1011631.0;2936.8552283704053;2921.0947872791357;57.14392695489869;13933.27253409268;22083.333333333332;-8150.060799240652
0.9880000000000008;-1819823487.0;-1832578961.0;846099.0;2977.3438182071613;2978.2387142340344;39.842018136370825;10122.147459189022;22750.0;-12627.852540810978
0.9920000000000008;-1807805573.0;-1820506639.0;683152.0;3004.4783408655326;3018.0807323704053;24.845677836756295;6783.630664592806;23250.0;-16466.369335407195
0.9960000000000008;-1795721048.0;-1808334934.0;529361.0;3021.1310348620937;3042.9264102071616;12.37058665837094;4163.173499140271;23583.333333333332;-19420.159834193062
1.0000000000000007;-1783599073.0;-1796113747.0;392699.0;3030.4935085239663;3055.2969968655325;3.533141996560971;2340.618415468157;23750.0;-21409.381584531842
1.0040000000000007;-1771458920.0;-1783878427.0;279354.0;3035.038147523226;3058.8301388620935;-1.5186463381273825;1136.159749814965;23833.333333333332;-22697.173583518368
1.0080000000000007;-1759312573.0;-1771649182.0;190262.0;3036.586777806472;3057.311492523966;-4.008193000739993;387.15757081149604;23833.333333333332;-23446.175762521838
1.0120000000000007;-1747166336.0;-1759435969.0;123396.0;3036.5589249612235;3053.303299523226;-4.870505716753996;-6.963211312154272;23916.666666666668;-23923.629877978823
1.0160000000000007;-1735022529.0;-1747242238.0;75902.0;3035.9516326608223;3048.432793806472;-4.5872768452486525;-151.82307510031023;23833.333333333332;-23985.156408433642
1.0200000000000007;-1722881203.0;-1735066856.0;44327.0;3035.331461018031;3043.8455169612234;-3.63849230040114;-155.04291069782994;23666.666666666668;-23821.709577364498
1.0240000000000007;-1710741520.0;-1722906028.0;24825.0;3034.9206097859164;3040.2070246608223;-2.4923636427911333;-102.71280802862748;23416.666666666668;-23519.379474695295
1.0280000000000007;-1698602592.0;-1710755170.0;13650.0;3034.731771574202;3037.714661018031;-1.4836512321148803;-47.209552928620724;23000.0;-23047.20955292862
1.0320000000000007;-1686463827.0;-1698610246.0;7654.0;3034.6910169796724;3036.2310097859163;-0.76445421171411;-10.188648632379227;22666.666666666668;-22676.855315299046
1.0360000000000007;-1674324959.0;-1686468380.0;4553.0;3034.716917259147;3035.466555574202;-0.33845059452960413;6.475069868656647;22166.666666666668;-22160.19159679801
1.0400000000000007;-1662185940.0;-1674327868.0;2909.0;3034.754651729039;3035.1281049796726;-0.13192372052571955;9.433617472950573;21750.0;-21740.56638252705
1.0440000000000007;-1650046820.0;-1662187884.0;1944.0;3034.7797913904406;3034.996181259147;-0.05490553010804433;6.284915350420306;21083.333333333332;-21077.04841798291
1.0480000000000007;-1637907665.0;-1650048119.0;1299.0;3034.7885756947762;3034.941275729039;-0.036780338598418894;2.1960760839192517;20333.333333333332;-20331.137257249415
1.0520000000000007;-1625768519.0;-1637908502.0;837.0;3034.7864190617083;3034.9044953904404;-0.035567695664212806;-0.5391582669744821;19250.0;-19250.539158266976
1.0560000000000007;-1613629398.0;-1625769027.0;508.0;3034.780012594365;3034.868927694776;-0.03374063306773678;-1.6016168358419236;18166.666666666668;-18168.26828350251
1.0600000000000007;-1601490303.0;-1613629687.0;289.0;3034.773814592815;3034.8351870617084;-0.027430467343492637;-1.5495003874548274;16916.666666666668;-16918.216167054125
1.0640000000000007;-1589351224.0;-1601490456.0;153.0;3034.769588780492;3034.807756594365;-0.019254001549597888;-1.0564530807641859;15666.666666666666;-15667.72311974743
1.0680000000000007;-1577212154.0;-1589351302.0;78.0;3034.767302727906;3034.7885025928153;-0.011425812323068385;-0.5715131464967271;14333.333333333334;-14333.90484647983
1.0720000000000007;-1565073089.0;-1577212194.0;40.0;3034.7662023863404;3034.7770767804923;-0.005934052586326288;-0.2750853914221807;13000.0;-13000.275085391422
1.0760000000000007;-1552934026.0;-1565073110.0;21.0;3034.765530686823;3034.771142727906;-0.002924341565631039;-0.1679248794062005;11666.666666666666;-11666.834591546072
1.0800000000000007;-1540794966.0;-1552934038.0;12.0;3034.764820363849;3034.7682183863403;-0.0015356995177171484;-0.17758074341145402;10333.333333333334;-10333.510914076745
1.0840000000000007;-1528655910.0;-1540794972.0;6.0;3034.76390058278;3034.7666826868226;-0.001286322973555798;-0.22994526727870834;9000.0;-9000.229945267278
1.0880000000000007;-1516516858.0;-1528655911.0;1.0;3034.762785377767;3034.765396363849;-0.0013997810688124446;-0.278801253216443;7750.0;-7750.278801253216
1.0920000000000007;-1504377811.0;-1516516856.0;-2.0;3034.761557540925;3034.7639965827802;-0.0014032050130481366;-0.3069592105475749;6500.0;-6500.306959210548
1.0960000000000008;-1492238770.0;-1504377806.0;-5.0;3034.7602954960225;3034.762593377767;-0.0015158368423726643;-0.3155112256081338;5250.0;-5250.315511225608
1.1000000000000008;-1480099733.0;-1492238762.0;-8.0;3034.759045670959;3034.761077540925;-0.0015500449021601526;-0.3124562658740615;4166.666666666667;-4166.979122932541
1.1040000000000008;-1467960701.0;-1480099724.0;-9.0;3034.7578237828507;3034.7595274960227;-0.0013458250637086167;-0.305472027093856;3166.6666666666665;-3166.9721386937604
1.1080000000000008;-1455821674.0;-1467960692.0;-9.0;3034.7566272222593;3034.758181670959;-0.001221888108375424;-0.29914014783116727;2250.0;-2250.299140147831
1.1120000000000008;-1443682651.0;-1455821665.0;-9.0;3034.755447094258;3034.7569597828506;-0.001196560591324669;-0.29503200028102583;1500.0;-1500.295032000281
1.1160000000000008;-1431543634.0;-1443682642.0;-9.0;3034.754275466072;3034.7557632222592;-0.0011801280011241033;-0.29290704651430133;916.6666666666666;-916.9595737131809
1.1200000000000008;-1419404621.0;-1431543624.0;-10.0;3034.753107894289;3034.754583094258;-0.0012676281858148286;-0.29189294582465664;500.0;-500.29189294582466
1.1240000000000008;-1407265612.0;-1419404611.0;-10.0;3034.7519430820103;3034.7533154660723;-0.0011675717832986265;-0.29120306965069176;166.66666666666666;-166.95786973631735
1.1280000000000008;-1395126609.0;-1407265603.0;-9.0;3034.750781523347;3034.752147894289;-0.0010688122788451437;-0.29038966579264525;-83.33333333333333;83.04294366754068
1.1320000000000008;-1382987610.0;-1395126599.0;-10.0;3034.7496242649386;3034.75107908201;-0.0012575586629282043;-0.28931460212788807;-83.33333333333333;83.04401873120544
1.1360000000000008;-1370848615.0;-1382987600.0;-10.0;3034.7484721967608;3034.7498215233472;-0.0011572584085115523;-0.28801704445413634;-166.66666666666666;166.37864962221252
1.1400000000000008;-1358709625.0;-1370848606.0;-9.0;3034.7473258272457;3034.7486642649387;-0.001056068178058922;-0.2865923787567226;-166.66666666666666;166.38007428790993
1.1440000000000008;-1346570640.0;-1358709616.0;-9.0;3034.7461853422665;3034.7476081967607;-0.0011463695150268904;-0.2851212448149454;-166.66666666666666;166.3815454218517
1.1480000000000008;-1334431659.0;-1346570631.0;-9.0;3034.74505075313;3034.7464618272456;-0.0011404849792597815;-0.28364728416363505;-83.33333333333333;83.0496860491697
1.1520000000000008;-1322292683.0;-1334431650.0;-9.0;3034.7439220222086;3034.7453213422664;-0.0011345891366545402;-0.2821827303023383;-83.33333333333333;83.05115060303099
1.1560000000000008;-1310153711.0;-1322292674.0;-9.0;3034.7427991345526;3034.7441867531297;-0.0011287309212093533;-0.2807219140095185;-83.33333333333333;83.05261141932381
1.1600000000000008;-1298014744.0;-1310153702.0;-9.0;3034.7416821145976;3034.7430580222085;-0.001122887656038074;-0.27925498875447374;-83.33333333333333;83.05407834457885
1.1640000000000008;-1285875781.0;-1298014735.0;-9.0;3034.7405710202597;3034.7419351345525;-0.001117019955017895;-0.2777735844574636;0.0;-0.2777735844574636
1.1680000000000008;-1273736823.0;-1285875772.0;-9.0;3034.7394659257884;3034.7408181145975;-0.0011110943378298543;-0.2762736178283376;0.0;-0.2762736178283376
1.1720000000000008;-1261597868.0;-1273736814.0;-9.0;3034.7383669085716;3034.7397070202596;-0.0011050944713133504;-0.2747543042005418;0.0;-0.2747543042005418
1.1760000000000008;-1249458919.0;-1261597860.0;-8.0;3034.7372740428577;3034.7386019257883;-0.0010030172165897966;-0.27321642846800387;0.0;-0.27321642846800387
1.1800000000000008;-1237319973.0;-1249458910.0;-9.0;3034.7361873984987;3034.7375989085717;-0.0011888657140843861;-0.27166108975507086;0.0;-0.27166108975507086
1.1840000000000008;-1225181032.0;-1237319965.0;-8.0;3034.735107042079;3034.7364100428576;-0.0009906443588079128;-0.2700891049016718;0.0;-0.2700891049016718
1.1880000000000008;-1213042096.0;-1225181024.0;-8.0;3034.734033036729;3034.735419398499;-0.0010803564196066873;-0.26850133747302607;0.0;-0.26850133747302607
1.1920000000000008;-1200903163.0;-1213042087.0;-9.0;3034.7329654464584;3034.7343390420792;-0.001170005350104475;-0.2668975677124763;0.0;-0.2668975677124763
1.1960000000000008;-1188764235.0;-1200903155.0;-8.0;3034.7319043342086;3034.733169036729;-0.0009715902706375346;-0.26527806244303065;0.0;-0.26527806244303065
1.2000000000000008;-1176625311.0;-1188764227.0;-8.0;3034.7308497631093;3034.7321974464585;-0.0010611122497721226;-0.26364277482571197;0.0;-0.26364277482571197
1.2040000000000008;-1164486391.0;-1176625303.0;-8.0;3034.7298017970447;3034.7311363342087;-0.0010545710993028479;-0.26199151614036964;0.0;-0.26199151614036964
1.2080000000000009;-1152347476.0;-1164486383.0;-8.0;3034.728760498454;3034.7300817631094;-0.0010479660645614786;-0.26032464768377395;0.0;-0.26032464768377395
1.2120000000000009;-1140208564.0;-1152347467.0;-9.0;3034.72772593034;3034.729033797045;-0.0011372985909474664;-0.2586420284842461;0.0;-0.2586420284842461
1.2160000000000009;-1128069657.0;-1140208556.0;-8.0;3034.726698154799;3034.727896498454;-0.0009385681137246138;-0.25694388523334055;0.0;-0.25694388523334055
1.2200000000000009;-1115930754.0;-1128069649.0;-8.0;3034.7256772337028;3034.72695793034;-0.0010277755409333622;-0.2552302740923551;0.0;-0.2552302740923551
1.2240000000000009;-1103791854.0;-1115930746.0;-8.0;3034.7246632281717;3034.7259301547992;-0.0010209210963694204;-0.25350138275825884;0.0;-0.25350138275825884
1.2280000000000009;-1091652959.0;-1103791847.0;-7.0;3034.7236561991367;3034.724909233703;-0.0009180055312754121;-0.25175725875214994;0.0;-0.25175725875214994
1.2320000000000009;-1079514068.0;-1091652952.0;-7.0;3034.722656206997;3034.7239912281716;-0.0010070290350085997;-0.24999803497394169;0.0;-0.24999803497394169
1.2360000000000009;-1067375181.0;-1079514061.0;-7.0;3034.7216633118346;3034.7229841991366;-0.0009999921398957667;-0.24822379054967314;0.0;-0.24822379054967314
1.2400000000000009;-1055236297.0;-1067375174.0;-7.0;3034.720677573199;3034.7219842069967;-0.0009928951621986926;-0.2464346589476918;0.0;-0.2464346589476918
1.2440000000000009;-1043097418.0;-1055236291.0;-6.0;3034.7196990504517;3034.7209913118345;-0.0008897386355783965;-0.2446306867796011;0.0;-0.2446306867796011
1.2480000000000009;-1030958543.0;-1043097411.0;-7.0;3034.7187278019487;3034.720101573199;-0.001074522747330775;-0.24281212574805977;0.0;-0.24281212574805977
1.252000000000001;-1018819671.0;-1030958535.0;-8.0;3034.7177638862972;3034.7190270504516;-0.0010672485027498624;-0.24097891287055972;0.0;-0.24097891287055972
1.256000000000001;-1006680803.0;-1018819664.0;-7.0;3034.7168073613516;3034.717959801949;-0.0008679156517246156;-0.23913123641250422;0.0;-0.23913123641250422
1.260000000000001;-994541939.0;-1006680796.0;-7.0;3034.7158582841785;3034.717091886297;-0.0009565249456500169;-0.2372692932794962;0.0;-0.2372692932794962
1.264000000000001;-982403079.0;-994541932.0;-7.0;3034.7149167123184;3034.7161353613515;-0.0009490771731179848;-0.23539296500985074;0.0;-0.23539296500985074
1.268000000000001;-970264222.0;-982403072.0;-7.0;3034.7139827016144;3034.7151862841783;-0.000941571860039403;-0.23350267599653307;0.0;-0.23350267599653307
1.272000000000001;-958125370.0;-970264216.0;-6.0;3034.7130563086635;3034.7142447123183;-0.0008380107037737616;-0.23159823774676624;0.0;-0.23159823774676624
1.276000000000001;-945986520.0;-958125363.0;-7.0;3034.7121375888387;3034.7134067016145;-0.0010223929511994356;-0.22967995619183057;0.0;-0.22967995619183057
1.280000000000001;-933847675.0;-945986514.0;-6.0;3034.711226597197;3034.7123843086633;-0.0008227198245549516;-0.2277479104577651;0.0;-0.2277479104577651
1.284000000000001;-921708833.0;-933847668.0;-7.0;3034.710323388484;3034.711561588839;-0.001006991642043431;-0.22580217819268;0.0;-0.22580217819268
1.288000000000001;-909569995.0;-921708826.0;-7.0;3034.7094280168767;3034.7105545971967;-0.00090320871277072;-0.22384290184618294;0.0;-0.22384290184618294
1.292000000000001;-897431160.0;-909569988.0;-7.0;3034.7085405362413;3034.709651388484;-0.0008953716073847318;-0.2218701588390104;0.0;-0.2218701588390104
1.296000000000001;-885292329.0;-897431153.0;-7.0;3034.7076609996247;3034.7087560168766;-0.0008874806353560416;-0.2198841541485308;0.0;-0.2198841541485308
1.300000000000001;-873153501.0;-885292322.0;-7.0;3034.7067894601078;3034.707868536241;-0.0008795366165941232;-0.2178848792482313;0.0;-0.2178848792482313
1.304000000000001;-861014677.0;-873153495.0;-6.0;3034.7059259694806;3034.7069889996246;-0.0007755395167805545;-0.21587265678135736;0.0;-0.21587265678135736
1.308000000000001;-848875856.0;-861014671.0;-6.0;3034.705070580007;3034.706213460108;-0.0008634906271254295;-0.21384736839991092;0.0;-0.21384736839991092
1.312000000000001;-836737039.0;-848875850.0;-6.0;3034.704223342945;3034.7053499694807;-0.0008553894735996437;-0.21180926546549017;0.0;-0.21180926546549017
1.316000000000001;-824598224.0;-836737033.0;-6.0;3034.7033843090185;3034.704494580007;-0.0008472370618619607;-0.20975848167381628;0.0;-0.20975848167381628
1.320000000000001;-812459414.0;-824598219.0;-5.0;3034.7025535284797;3034.7036473429453;-0.0007430339269376418;-0.20769513469076628;0.0;-0.20769513469076628
1.324000000000001;-800320606.0;-812459408.0;-6.0;3034.7017310515816;3034.7029043090183;-0.0009267805385206884;-0.20561922451634018;0.0;-0.20561922451634018
1.328000000000001;-788181802.0;-800320601.0;-5.0;3034.7009169272887;3034.70197752848;-0.0007264768983077374;-0.20353107322534925;0.0;-0.20353107322534925
1.332000000000001;-776043001.0;-788181796.0;-6.0;3034.7001112045045;3034.7012510515815;-0.0009101242926590203;-0.20143069605182973;0.0;-0.20143069605182973
1.336000000000001;-763904203.0;-776042995.0;-6.0;3034.6993139317847;3034.700340927289;-0.0008057227842073189;-0.19931817996621248;0.0;-0.19931817996621248
1.340000000000001;-751765408.0;-763904197.0;-6.0;3034.6985251568694;3034.6995352045046;-0.0007972727198648499;-0.19719372880899755;0.0;-0.19719372880899755
1.344000000000001;-739626617.0;-751765403.0;-5.0;3034.6977449269966;3034.6987379317848;-0.0006927749154783669;-0.1950574682041406;0.0;-0.1950574682041406
1.348000000000001;-727487828.0;-739626611.0;-6.0;3034.6969732892785;3034.6980451568693;-0.0008762298725741857;-0.19290942952920886;0.0;-0.19290942952920886
1.352000000000001;-715349043.0;-727487823.0;-5.0;3034.6962102896646;3034.6971689269967;-0.0006756377183592122;-0.19074990348144638;0.0;-0.19074990348144638
1.356000000000001;-703210261.0;-715349038.0;-5.0;3034.695455974198;3034.6964932892784;-0.0007629996139257855;-0.18857886664136458;0.0;-0.18857886664136458
1.360000000000001;-691071481.0;-703210256.0;-5.0;3034.6947103880457;3034.6957302896644;-0.0007543154665654583;-0.18639653808349976;0.0;-0.18639653808349976
1.364000000000001;-678932705.0;-691071477.0;-4.0;3034.693973576025;3034.694975974198;-0.0006495861521216284;-0.1842030051193433;0.0;-0.1842030051193433
1.368000000000001;-666793931.0;-678932700.0;-5.0;3034.693245582233;3034.6943263880457;-0.0008328120206897438;-0.18199844805621979;0.0;-0.18199844805621979
1.372000000000001;-654655160.0;-666793927.0;-4.0;3034.6925264506417;3034.693493576025;-0.0006319937920125085;-0.17978289781694912;0.0;-0.17978289781694912
1.376000000000001;-642516393.0;-654655156.0;-4.0;3034.691816224185;3034.692861582233;-0.0007191315912677965;-0.17755661417595547;0.0;-0.17755661417595547
1.380000000000001;-630377628.0;-642516388.0;-5.0;3034.6911149455473;3034.6921424506418;-0.0008062264569161925;-0.17531965943362593;0.0;-0.17531965943362593
1.384000000000001;-618238865.0;-630377623.0;-5.0;3034.690422657033;3034.691336224185;-0.0007012786377345037;-0.17307212851846998;0.0;-0.17307212851846998
1.388000000000001;-606100106.0;-618238861.0;-4.0;3034.6897393999147;3034.690634945547;-0.0005962885138615093;-0.1708142796132961;0.0;-0.1708142796132961
1.392000000000001;-593961349.0;-606100101.0;-5.0;3034.689065215335;3034.6900386570333;-0.000779257118665555;-0.16854614489147934;0.0;-0.16854614489147934
1.396000000000001;-581822595.0;-593961344.0;-5.0;3034.6884001438743;3034.6892593999146;-0.0006741845795659174;-0.16626786521101167;0.0;-0.16626786521101167
1.400000000000001;-569683843.0;-581822590.0;-5.0;3034.687744225389;3034.688585215335;-0.0006650714608440467;-0.16397962133396504;0.0;-0.16397962133396504
1.404000000000001;-557545094.0;-569683839.0;-4.0;3034.6870974994054;3034.687920143874;-0.0005599184851234895;-0.1616814959106705;0.0;-0.1616814959106705
1.408000000000001;-545406348.0;-557545090.0;-4.0;3034.68646000454;3034.687360225389;-0.000646725983642682;-0.15937371631480346;0.0;-0.15937371631480346
1.412000000000001;-533267604.0;-545406344.0;-4.0;3034.6858317792517;3034.6867134994054;-0.0006374948652592138;-0.15705632210938347;0.0;-0.15705632210938347
1.416000000000001;-521128862.0;-533267600.0;-4.0;3034.6852128613405;3034.68607600454;-0.0006282252884375339;-0.15472947779926471;0.0;-0.15472947779926471
1.420000000000001;-508990123.0;-521128859.0;-3.0;3034.6846032879303;3034.6854477792517;-0.0005229179114394356;-0.1523933525504617;0.0;-0.1523933525504617
1.424000000000001;-496851387.0;-508990120.0;-3.0;3034.6840030956114;3034.6849248613403;-0.0006095734102018469;-0.15004807971763512;0.0;-0.15004807971763512
1.428000000000001;-484712653.0;-496851383.0;-4.0;3034.68341232044;3034.68431528793;-0.0006961923186281638;-0.14769379288281925;0.0;-0.14769379288281925
1.432000000000001;-472573921.0;-484712649.0;-4.0;3034.682830998096;3034.6836190956114;-0.000590775171531277;-0.14533058595134207;0.0;-0.14533058595134207
1.436000000000001;-460435191.0;-472573917.0;-4.0;3034.6822591633636;3034.68302832044;-0.0005813223438053683;-0.14295868311364757;0.0;-0.14295868311364757
1.440000000000001;-448296464.0;-460435188.0;-3.0;3034.681696850712;3034.682446998096;-0.00047583473269696697;-0.1405781629273406;0.0;-0.1405781629273406
1.444000000000001;-436157739.0;-448296461.0;-3.0;3034.681144093922;3034.6819711633634;-0.0005623126517093624;-0.13818919751429348;0.0;-0.13818919751429348
1.448000000000001;-424019016.0;-436157736.0;-3.0;3034.680600926286;3034.6814088507117;-0.0005527567900571739;-0.13579190897416993;0.0;-0.13579190897416993
1.452000000000001;-411880295.0;-424019013.0;-3.0;3034.680067380514;3034.6808560939216;-0.0005431676358966797;-0.13338644293980906;0.0;-0.13338644293980906
1.456000000000001;-399741576.0;-411880292.0;-3.0;3034.6795434885807;3034.6803129262858;-0.0005335457717592362;-0.1309729833565143;0.0;-0.1309729833565143
1.460000000000001;-387602859.0;-399741573.0;-3.0;3034.679029282113;3034.679779380514;-0.0005238919334260572;-0.12855161696734285;0.0;-0.12855161696734285
1.464000000000001;-375464145.0;-387602856.0;-3.0;3034.678524792033;3034.6792554885806;-0.0005142064678693714;-0.12612251998689317;0.0;-0.12612251998689317
1.468000000000001;-363325432.0;-375464142.0;-3.0;3034.678030048774;3034.6787412821127;-0.0005044900799475727;-0.12368581474220264;0.0;-0.12368581474220264
1.472000000000001;-351186721.0;-363325430.0;-2.0;3034.6775450820796;3034.6782367920327;-0.0003987432587564399;-0.12124167358251725;0.0;-0.12124167358251725
1.476000000000001;-339048012.0;-351186719.0;-2.0;3034.6770699212225;3034.677838048774;-0.000484966694330069;-0.11879021428740089;0.0;-0.11879021428740089
1.480000000000001;-326909305.0;-339048010.0;-2.0;3034.676604594674;3034.6773530820797;-0.00047516085714960354;-0.11633163717306161;0.0;-0.11633163717306161
1.484000000000001;-314770600.0;-326909303.0;-2.0;3034.676149130654;3034.6768779212225;-0.00046532654869224643;-0.11386600499463384;0.0;-0.11386600499463384
1.488000000000001;-302631897.0;-314770598.0;-2.0;3034.6757035565347;3034.676412594674;-0.00045546401997853536;-0.11139352977806993;0.0;-0.11139352977806993
1.492000000000001;-290493195.0;-302631895.0;-2.0;3034.6752678992007;3034.675957130654;-0.00044557411911227973;-0.10891433350934676;0.0;-0.10891433350934676
1.496000000000001;-278354495.0;-290493193.0;-2.0;3034.6748421850116;3034.6755115565347;-0.00043565733403738705;-0.10642854726938822;0.0;-0.10642854726938822
1.500000000000001;-266215797.0;-278354493.0;-2.0;3034.674426439486;3034.6750758992007;-0.0004257141890775529;-0.10393638137884409;0.0;-0.10393638137884409
1.5040000000000011;-254077100.0;-266215795.0;-2.0;3034.6740206878694;3034.6746501850116;-0.00041574552551537636;-0.10143790416350384;0.0;-0.10143790416350384
1.5080000000000011;-241938405.0;-254077099.0;-1.0;3034.673624954627;3034.674234439486;-0.0003097516168963921;-0.09893331059629418;0.0;-0.09893331059629418
1.5120000000000011;-229799712.0;-241938404.0;-1.0;3034.6732392635986;3034.673924687869;-0.0003957332423851767;-0.09642275711030379;0.0;-0.09642275711030379
1.5160000000000011;-217661020.0;-229799710.0;-2.0;3034.672863638198;3034.673528954627;-0.00048169102819883847;-0.0939063501164128;0.0;-0.0939063501164128
1.5200000000000011;-205522329.0;-217661018.0;-2.0;3034.672498101032;3034.6730472635986;-0.0003756254004656512;-0.09138429152244498;0.0;-0.09138429152244498
1.5240000000000011;-193383640.0;-205522328.0;-1.0;3034.672142674273;3034.672671638198;-0.00026953716633215663;-0.08885668978564354;0.0;-0.08885668978564354
1.5280000000000011;-181244952.0;-193383639.0;-1.0;3034.671797379445;3034.672402101032;-0.00035542675914257416;-0.08632370702343906;0.0;-0.08632370702343906
1.5320000000000011;-169107933.0;-181244951.0;-1.0;3034.2545173297576;3034.6720466742727;-0.0003452948280937562;-104.32001242179467;0.0;-104.32001242179467
1.5360000000000011;-156979123.0;-169106265.0;-1668.0;3032.2023684946034;3034.6717013794446;-0.5773120496869524;-513.0372087885462;0.0;-513.0372087885462
1.5400000000000011;-144870284.0;-156969888.0;-9235.0;3027.2096407807817;3034.0943893297576;-2.7785808351541164;-1248.1819284554376;0.0;-1248.1819284554376
1.5440000000000011;-132802067.0;-144844625.0;-25659.0;3017.0542777078135;3031.3158084946035;-6.569431713821814;-2538.8407682420393;0.0;-2538.8407682420393
1.5480000000000012;-120814474.0;-132745640.0;-56427.0;2996.8980893876706;3024.7463767807817;-13.109091072968113;-5039.047080035743;0.0;-5039.047080035743
1.5520000000000012;-108969056.0;-120699091.0;-115383.0;2961.3543895266553;3011.6372857078136;-25.81596432014294;-8885.92496525382;-83.33333333333333;-8802.591631920488
1.5560000000000012;-97348877.0;-108755806.0;-213250.0;2905.0443875566493;2985.8213213876707;-44.93893186101559;-14077.500492501485;-250.0;-13827.500492501485
1.5600000000000012;-86079319.0;-96992277.0;-356600.0;2817.3893619467594;2940.882389526655;-70.07160197000576;-21913.75640247247;-416.6666666666667;-21497.089735805806
1.5640000000000012;-75122744.0;-85509034.0;-570285.0;2739.1436147218396;2870.8107875566493;-108.16878560988971;-19561.436806229947;-833.3333333333334;-18728.103472896615
1.5680000000000012;-64712970.0;-74458466.0;-664278.0;2602.4435145727266;2762.6420019467596;-87.26907522492002;-34175.02503727826;-1333.3333333333333;-32841.691703944925
1.5720000000000012;-54905792.0;-63756975.0;-955995.0;2451.794337628512;2675.3729267218396;-164.70493214911312;-37662.29423605364;-2083.3333333333335;-35578.960902720304
1.5760000000000012;-45796124.0;-53714304.0;-1191488.0;2277.416843587549;2510.6679945727265;-173.2565049442146;-43594.37351024076;-3000.0;-40594.37351024076
1.5800000000000012;-37492190.0;-44364659.0;-1431465.0;2075.9833699366613;2337.411489628512;-197.41528604096266;-50358.36841272192;-4083.3333333333335;-46275.03507938858
1.5840000000000012;-30064380.0;-35804675.0;-1687515.0;1856.952554361196;2139.996203587549;-226.01427365088784;-54757.70389386633;-5500.0;-49257.70389386633
1.5880000000000012;-23551106.0;-28148748.0;-1915632.0;1628.3183287277911;1913.9819299366613;-240.93004757546532;-57158.556408351214;-7000.0;-50158.556408351214
1.5920000000000012;-17966509.0;-21456541.0;-2094565.0;1396.1492509908228;1673.051882361196;-245.81179363340493;-58042.26943424209;-8833.333333333334;-49208.93610090875
1.5960000000000012;-13295334.0;-15747581.0;-2218928.0;1167.793772040885;1427.240088727791;-244.10792573696835;-57088.869737484456;-10666.666666666666;-46422.20307081779
1.6000000000000012;-9490869.0;-11015053.0;-2280281.0;951.1160568829683;1183.1321629908227;-234.24536694993776;-54169.428789479156;-12583.333333333334;-41586.09545614582
1.6040000000000012;-6483207.0;-7219506.0;-2271363.0;751.9154657747774;948.886796040885;-215.8215871579166;-49800.14777704773;-14416.666666666666;-35383.48111038106
1.6080000000000012;-4185610.0;-4287246.0;-2195961.0;574.399220455468;733.0652088829684;-191.96199910819098;-44379.06132982735;-16250.0;-28129.061329827353
1.6120000000000012;-2498246.0;-2122834.0;-2062776.0;421.8409388682735;541.1032097747774;-164.73048531930937;-38139.570396798634;-17916.666666666668;-20222.903730131966
1.6160000000000012;-1320516.0;-617344.0;-1880902.0;294.4327156536514;376.372724455468;-135.09837758719453;-31852.055803655516;-19416.666666666668;-12435.38913698885
1.6200000000000012;-564736.0;347753.0;-1668269.0;188.94492878398677;241.27434686827348;-106.99545521462207;-26371.946717416165;-20666.666666666668;-5705.280050749498
1.6240000000000012;-180432.0;884868.0;-1449604.0;96.07604979252638;134.2788916536514;-84.49594686966464;-23217.2197478651;-21750.0;-1467.2197478650978
1.6280000000000012;-50209.0;1083999.0;-1264431.0;32.5557363974791;49.78294478398678;-75.09227099146041;-15880.07834876182;-22583.333333333332;6703.254984571514
1.6320000000000012;-23998.0;982762.0;-1032971.0;6.552567417666934;-25.30932620747363;-41.300153395047275;-6500.792244953042;-23333.333333333332;16832.54108838029
1.6360000000000012;-17883.0;716325.0;-740323.0;1.5288647717364816;-66.6094796025209;2.0910390201878357;-1255.9256614826131;-23833.333333333332;22577.40767185072
1.6400000000000012;31249.0;458252.0;-476135.0;12.28316989214894;-64.51844058233307;20.338345354069546;2688.5762801031146;-24166.666666666668;26855.242946769784
1.6440000000000012;8936.0;281532.0;-250283.0;-5.578222528776517;-44.180095228263525;32.43609712041247;-4465.348105231365;-24166.666666666668;19701.318561435302
1.6480000000000012;-1995.0;234557.0;-225621.0;-2.732919077285043;-11.74399810785106;-15.493840420925459;711.3258628728685;-24000.0;24711.32586287287
1.6520000000000012;-4737.0;125606.0;-127601.0;-0.685512889993459;-27.237838528776518;12.255223451491474;511.851546822896;-23916.666666666668;24428.518213489562
1.6560000000000012;-3531.0;65676.0;-70413.0;0.3013695496603924;-14.982615077285043;7.5374541872915835;246.72060991346288;-23833.333333333332;24080.053943246796
1.6600000000000013;-1445.0;35896.0;-39427.0;0.5215724969601231;-7.44516088999346;3.9615384396538524;55.05073682493267;-23833.333333333332;23888.384070158263
1.6640000000000013;58.0;21962.0;-23407.0;0.3760678476747149;-3.4836224503396074;1.7581229472997304;-36.37616232135205;-23750.0;23713.62383767865
1.6680000000000013;684.0;15061.0;-15003.0;0.15634709092093393;-1.725499503039877;0.661279350714592;-54.93018918844524;-23750.0;23695.069810811554
1.6720000000000013;686.0;10805.0;-10121.0;0.0006632582616507109;-1.064220152325285;0.24895124324621887;-38.9209581648208;-23750.0;23711.07904183518
