Zeit[sec];Sollposition[°];Istposition[°];Positionsschleppfehler[°];Sollgeschwindigkeit[°/s];Istgeschwindigkeit[°/s];Geschwindigkeitsdifferenz[°/s];Sollbeschleunigung[°/s*s];Istbeschleunigung[°/s*s];Beschleunigungsdifferenz[°/s*s]
0.0;0.0;-4.0;4.0;3.422903945582784e-53;0.00023999999999999998;0.0;-2.567177959187088e-50;0.0;-2.567177959187088e-50
0.004;0.0;-4.0;4.0;-3.422903945582784e-53;0.00023999999999999998;0.0;-1.711451972791392e-50;0.0;-1.711451972791392e-50
0.008;0.0;-4.0;4.0;-4.563871927443711e-53;0.00023999999999999998;0.0;-2.8524199546523185e-51;0.0;-2.8524199546523185e-51
0.012;0.0;-4.0;4.0;-3.422903945582784e-53;0.00023999999999999998;0.0;2.8524199546523185e-51;0.0;2.8524199546523185e-51
0.016;0.0;-4.0;4.0;-1.1409679818609278e-53;0.00023999999999999998;0.0;5.70483990930464e-51;0.0;5.70483990930464e-51
0.02;0.0;-4.0;4.0;-0.0;0.00023999999999999998;0.0;2.8524199546523196e-51;0.0;2.8524199546523196e-51
0.024;0.0;-4.0;4.0;1.1409679818609278e-53;0.00023999999999999998;0.0;2.8524199546523196e-51;0.0;2.8524199546523196e-51
0.028;0.0;-4.0;4.0;-0.0;0.00023999999999999998;0.0;-2.8524199546523196e-51;0.0;-2.8524199546523196e-51
0.032;0.0;-4.0;4.0;-0.0;0.00023999999999999998;0.0;0.0;0.0;0.0
0.036000000000000004;0.0;-4.0;4.0;-0.0;0.00023999999999999998;0.0;0.0;0.0;0.0
0.04000000000000001;0.0;-4.0;4.0;-0.0;0.00023999999999999998;0.0;0.0;0.0;0.0
0.04400000000000001;0.0;-4.0;4.0;-0.0;0.00023999999999999998;0.0;0.0;0.0;0.0
0.048000000000000015;0.0;-4.0;4.0;-0.0;0.00023999999999999998;0.0;0.0;0.0;0.0
0.05200000000000002;5953.0;-4.0;4.0;1.488380358776978;0.00023999999999999998;0.0;372.0950896942445;0.0;372.0950896942445
0.05600000000000002;65284.0;-4.0;5957.0;14.832711770173063;0.00023999999999999998;1.845560358776978;3336.082852849021;0.0;3336.082852849021
0.060000000000000026;356907.0;7379.0;57905.0;72.9057861074761;1.845800358776978;16.461211411396086;14518.26858432576;0.0;14518.26858432576
0.06400000000000003;1320817.0;80607.0;276300.0;240.9774988129673;18.307011770173062;71.17677433730304;42017.9281763728;0.0;42017.9281763728
0.06800000000000003;3766073.0;438542.0;882275.0;611.3140257873634;89.4837861074761;204.4302127054912;92584.13174359903;250.0;92334.13174359903
0.07200000000000004;8880222.0;1614197.0;2151876.0;1278.5371784526437;293.9139988129673;446.5125869743962;166805.78816632007;1000.0;165805.78816632007
0.07600000000000004;18116706.0;4575903.0;4304319.0;2309.120838394133;740.4265857873635;796.3697326652804;257645.9149853723;2916.6666666666665;254729.24831870565
0.08000000000000004;33048356.0;10723088.0;7393618.0;3732.912369438933;1536.7963184526438;1215.9415999414891;355947.8827612001;6666.666666666667;349281.2160945334
0.08400000000000005;55291251.0;21734039.0;11314317.0;5560.723448036493;2752.737918394133;1659.0334710448005;456952.76964939;13083.333333333334;443869.4363160567
0.08800000000000005;86481941.0;39381124.0;15910127.0;7797.672179413455;4411.7713894389335;2103.5596785975595;559237.1828442403;22666.666666666668;536570.5161775737
0.09200000000000005;128215463.0;65442448.0;21039493.0;10433.380048026524;6515.331068036493;2544.710691376961;658926.9671532672;35666.666666666664;623260.3004866006
0.09600000000000006;181925236.0;101682615.0;26532848.0;13427.442531423882;9060.041759413454;2965.30916861307;748515.6208493395;52083.333333333336;696432.2875160062
0.10000000000000006;248765618.0;149784018.0;32141218.0;16710.094649517334;12025.350928026524;3330.564683397357;820663.0295233631;71916.66666666667;748746.3628566965
0.10400000000000006;329509656.0;211207680.0;37557938.0;20186.008610931192;15355.915611423881;3607.6553180934516;868978.4903534646;94916.66666666667;774061.823686798
0.10800000000000007;424449190.0;287061963.0;42447693.0;23734.882401665185;18963.570929517333;3769.29926141386;887218.4476834981;120666.66666666667;766551.7810168315
0.11200000000000007;533357546.0;377993443.0;46455747.0;27227.08761496294;22732.870190931193;3789.3570307339905;873051.3033244387;148583.33333333334;724467.9699911054
0.11600000000000008;655560127.0;484082351.0;49275195.0;30550.643699282835;26522.227221665184;3661.372093297756;830889.0210799737;177583.33333333334;653305.6877466403
0.12000000000000008;790067462.0;604816748.0;50743379.0;33626.83226269629;30183.59931496294;3411.647124319894;769047.140853364;206916.66666666666;562130.4741866974
0.12400000000000008;935705533.0;739197733.0;50869729.0;36409.51611940384;33595.24643928283;3083.769563413458;695670.9641768866;235083.33333333334;460587.6308435533
0.12800000000000009;1091204487.0;885913797.0;49791736.0;38874.73647961111;36679.01600269629;2718.004276707543;616305.0900518174;261666.66666666666;354638.42338515073
0.1320000000000001;1255236690.0;1043501878.0;47702609.0;41008.048961969434;39397.020279403834;2339.872740207269;533328.1205895819;285583.3333333333;247744.7872562486
0.1360000000000001;1426435868.0;1210449450.0;44787240.0;42799.79247027784;41736.8930196111;1958.3903423583324;447935.8770771014;306833.3333333333;141102.54374376807
0.1400000000000001;1603447246.0;1385230583.0;41205285.0;44252.84233026185;43695.283361969436;1576.8262083084046;363262.4649960017;325083.3333333333;38179.13166266834
0.1440000000000001;1785013701.0;1566319021.0;37128225.0;45391.6115172564;45272.10957027784;1208.4262599840076;284692.2967486389;340333.3333333333;-55641.036584694404
0.1480000000000001;1970046375.0;1752241164.0;32772537.0;46258.16646749412;46480.53583026185;877.4279069945551;216638.7375594295;352750.0;-136111.2624405705
0.1520000000000001;2157645192.0;1941673018.0;28373357.0;46899.701820469745;47357.9637372564;602.6041502377193;160383.8382439062;362250.0;-201866.1617560938
0.1560000000000001;2347081531.0;2133515289.0;24129903.0;47359.082725700886;47960.56788749412;386.92811297562;114845.2263077852;369333.3333333333;-254488.10702554812
0.16000000000000011;2537766104.0;2326905273.0;20176258.0;47671.14095363386;48347.49600046974;222.16220523114316;78014.55698324389;374083.3333333333;-296068.7763500894
0.16400000000000012;2729226292.0;2521183905.0;16582199.0;47865.04452391843;48569.658205700885;96.41468793297827;48475.89257114123;377250.0;-328774.10742885876
0.16800000000000012;2921105200.0;2715848196.0;13378096.0;47969.72485458783;48666.072893633864;1.6573902845630073;26170.08266735138;379083.3333333333;-352913.2506659819
0.17200000000000013;3113163437.0;2910519117.0;10586083.0;48006.0;48667.73028391843;-62.8404493305934;9068.786353042015;380000.0;-370931.213646958
0.17600000000000013;3305264069.0;3104938676.0;8224761.0;48006.0;48604.88983458783;-105.40417458783486;0.0;380083.3333333333;-380083.3333333333
0.18000000000000013;3497345179.0;3298936618.0;6327451.0;48006.0;48499.48566;-113.8385999999955;0.0;379583.3333333333;-379583.3333333333
0.18400000000000014;3689391127.0;3492479206.0;4865973.0;48006.0;48385.64706;-87.68868000000657;0.0;378833.3333333333;-378833.3333333333
0.18800000000000014;3881408529.0;3685671039.0;3720088.0;48004.348273652504;48297.95838;-68.75309999999445;-412.93158687403775;378083.3333333333;-378496.2649202073
0.19200000000000014;4073409982.0;3878587860.0;2820669.0;48000.36093104444;48229.20528;-55.6168663474964;-996.8356520166708;377333.3333333333;-378330.16898535
0.19600000000000015;4265405808.0;4071282213.0;2127769.0;47998.954148202145;48173.588413652506;-45.56134260806721;-351.69571057303983;376583.3333333333;-376935.02904390637
0.20000000000000015;4457401718.0;4263794321.0;1611487.0;47998.97526745126;48128.02707104444;-32.38370284229313;5.279812277876772;375333.3333333333;-375328.05352105544
0.20400000000000015;4649399606.0;4456176894.0;1224824.0;47999.4697205588;48095.643368202145;-23.17866075089114;123.61327688631718;373166.6666666667;-373043.05338978034
0.20800000000000016;4841399264.0;4648466752.0;932854.0;47999.912290417655;48072.464707451254;-17.023746892453346;110.64246471323713;369083.3333333333;-368972.69086862006
0.21200000000000016;5033399822.0;4840688515.0;710749.0;48000.13715978337;48055.4409605588;-12.88373014114768;56.21734142914647;362500.0;-362443.78265857085
0.21600000000000016;5225400534.0;5032858743.0;541079.0;48000.17579479525;48042.55723041765;-9.955330634278653;9.65875296969898;352750.0;-352740.3412470303
0.22000000000000017;5417401023.0;5224989150.0;411384.0;48000.11982157633;48032.601899783374;-7.74306498812075;-13.993304730320233;339666.6666666667;-339680.659971397
0.22400000000000017;5609401215.0;5417088585.0;312438.0;48000.04574625064;48024.858834795254;-5.992733218925423;-18.518831422625226;323166.6666666667;-323185.1854980893
0.22800000000000017;5801401194.0;5609164049.0;237166.0;47999.99250108824;48018.86610157633;-4.590395325692953;-13.311290598721826;303333.3333333333;-303346.644623932
0.23200000000000018;5993401075.0;5801221151.0;180043.0;47999.968046333706;48014.275706250635;-3.4806251623886055;-6.113688634286518;280250.0;-280256.1136886343
0.23600000000000018;6185400942.0;5993264331.0;136744.0;47999.9645356852;48010.79508108825;-2.622394754536799;-0.877662127095391;254416.66666666666;-254417.54432879377
0.24000000000000019;6377400835.0;6185297021.0;103921.0;47999.9707396914;48008.17268633371;-1.9728906485106563;1.551001550978981;226500.0;-226498.44899844902
0.2440000000000002;6569400757.0;6377321820.0;79015.0;47999.97840924141;48006.1997956852;-1.4881559938003193;1.9173875025444431;197416.66666666666;-197414.74927916413
0.2480000000000002;6761400701.0;6569340666.0;60091.0;47999.983685210915;48004.7116396914;-1.1277704499880201;1.3189923756726785;168166.66666666666;-168165.347674291
0.25200000000000017;6953400654.0;6761355001.0;45700.0;47999.98596004249;48003.58386924141;-0.8581840304977959;0.5687078937626211;139916.66666666666;-139916.0979587729
0.25600000000000017;7145400608.0;6953365903.0;34751.0;47999.986159040636;48002.72568521091;-0.6546651684257085;0.04974953662895132;113416.66666666667;-113416.61691713004
0.2600000000000002;7337400559.0;7145374187.0;26421.0;47999.985458109004;48002.07102004249;-0.49960100185126066;-0.17523290807730518;89416.66666666667;-89416.84189957475
0.2640000000000002;7529400507.0;7337380472.0;20087.0;47999.984674972766;48001.571419040636;-0.3807409316286794;-0.19578405954234768;68166.66666666667;-68166.86245072621
0.2680000000000002;7721400452.0;7529385234.0;15273.0;47999.984166214315;48001.19067810901;-0.28962313623924274;-0.12718961261271033;50000.0;-50000.12718961261
0.2720000000000002;7913400397.0;7721388838.0;11614.0;47999.98396603148;48000.90105497277;-0.22004875845595961;-0.05004570812161546;34666.666666666664;-34666.716712374786
0.2760000000000002;8105400342.0;7913391562.0;8835.0;47999.98396718921;48000.68100621431;-0.16694018282578327;0.00028943213692400604;22250.0;-22249.999710567863
0.2800000000000002;8297400288.0;8105393618.0;6724.0;47999.98404818318;48000.51406603149;-0.12665884227317292;0.020248491637175903;12750.0;-12749.979751508363
0.2840000000000002;8489400233.0;8297395167.0;5121.0;47999.98412936721;48000.38740718921;-0.09609900603390997;0.020296007278375328;5750.0;-5749.979703992722
0.2880000000000002;8681400179.0;8489396332.0;3901.0;47999.98417892483;48000.29130818318;-0.0731188159697922;0.012389406037982553;916.6666666666666;-916.6542772606286
0.2920000000000002;8873400125.0;8681397204.0;2975.0;47999.98419652907;48000.21818936721;-0.05551044237654423;0.004401059413794428;-2333.3333333333335;2333.3377343927473
0.2960000000000002;9065400071.0;8873397854.0;2271.0;47999.98419453016;48000.16267892483;-0.04222239576483844;-0.0004997273208573461;-4166.666666666667;4166.666166939346
0.3000000000000002;9257400017.0;9065398335.0;1736.0;47999.98418550222;48000.12045652907;-0.03210199890600052;-0.002256985681015067;-5000.0;4999.997743014319
0.3040000000000002;9449399963.0;9257398688.0;1329.0;47999.98417720275;48000.08835453016;-0.02442902794427937;-0.002074866642942652;-5000.0;4999.997925133357
0.3080000000000002;9641399909.0;9449398943.0;1020.0;47999.98417243345;48000.06392550222;-0.01854829947114922;-0.0011923257261514664;-4583.333333333333;4583.332141007607
0.3120000000000002;9833399854.0;9641399124.0;785.0;47999.98417093273;48000.04537720275;-0.014104769295954611;-0.0003751792974071577;-3833.3333333333335;3833.332958154036
0.3160000000000002;10025398739.0;9833399249.0;605.0;47999.71877172119;48000.03127243345;-0.01080150072084507;-66.34980288436054;-3083.3333333333335;3016.983530448973
0.32000000000000023;10217389697.0;10025399330.0;-591.0;47997.73738612733;48000.02047093273;-0.33715921153634554;-495.34639846569917;-2416.6666666666665;1921.3202682009673
0.32400000000000023;10409351919.0;10217398063.0;-8366.0;47990.553253176535;47999.68331172119;-2.4478855938650668;-1796.0332376987935;-1833.3333333333333;37.30009563453973
0.32800000000000024;10601238572.0;10409387004.0;-35085.0;47971.66079716395;47997.23542612733;-8.787272950794431;-4723.114003145383;-1416.6666666666667;-3306.4473364787164
0.33200000000000024;10792949903.0;10601340796.0;-102224.0;47927.83061248409;47988.448153176534;-22.92079601257865;-10957.546169966008;-1000.0;-9957.546169966008
0.33600000000000024;10984291501.0;10793202905.0;-253002.0;47835.39715975365;47965.527357163955;-52.8768646798635;-23108.363182609537;-916.6666666666666;-22191.69651594287
0.34000000000000025;11174942930.0;10984853506.0;-562005.0;47662.85506953622;47912.65049248409;-110.97363273044175;-43135.52255435752;-916.6666666666666;-42218.85588769086
0.34400000000000025;11364450384.0;11176060213.0;-1117283.0;47376.86126503498;47801.67685975365;-205.85877021742635;-71498.45112530966;-1333.3333333333333;-70165.11779197633
0.34800000000000025;11552234074.0;11366443485.0;-1993101.0;46945.92028009496;47595.818089536224;-338.54288450124295;-107735.24623500634;-2083.3333333333335;-105651.91290167301
0.35200000000000026;11737598939.0;11555472585.0;-3238511.0;46341.21399322188;47257.27520503498;-505.66558494002675;-151176.57171826978;-3750.0;-147426.57171826978
0.35600000000000026;11919729068.0;11742479023.0;-4880084.0;45532.53011668329;46751.609620094954;-703.2006668730755;-202170.96913464775;-6416.666666666667;-195754.3024679811
0.36000000000000026;12097658824.0;11926672658.0;-6943590.0;44482.436919428175;46048.40895322188;-932.4942365385941;-262523.2993137779;-10416.666666666666;-252106.63264711123
0.36400000000000027;12270258296.0;12107136316.0;-9477492.0;43149.865950090236;45115.914716683284;-1202.1273172551082;-333142.7423344849;-16000.0;-317142.7423344849
0.36800000000000027;12436273784.0;12282791465.0;-12533169.0;41503.86992782568;43913.787399428176;-1515.9115893379421;-411499.0055661383;-23333.333333333332;-388165.67223280494
0.3720000000000003;12594411174.0;12452382968.0;-16109184.0;39534.34571903016;42397.875810090234;-1860.55692226455;-492381.0521988798;-32833.333333333336;-459547.7188655465
0.3760000000000003;12743413938.0;12614532243.0;-20121069.0;37250.68921149384;40537.318887825684;-2210.23730879552;-570914.1268840813;-44666.666666666664;-526247.4602174147
0.3800000000000003;12882106599.0;12767840569.0;-24426631.0;34673.16351756305;38327.081579030164;-2541.9902275363274;-644381.4234826969;-59250.0;-585131.4234826969
0.3840000000000003;13009406467.0;12910980934.0;-28874335.0;31824.965395402327;35785.09135149384;-2844.3879339307823;-712049.530540181;-76500.0;-635549.530540181
0.3880000000000003;13124333372.0;13042743747.0;-33337280.0;28731.725002889027;32940.703417563054;-3115.974822160726;-773310.0981283251;-96250.0;-677060.0981283251
0.3920000000000003;13226076383.0;13162042661.0;-37709289.0;25435.751554962146;29824.72859540233;-3355.560932513301;-823993.3619817202;-118333.33333333333;-705660.028648387
0.3960000000000003;13314123902.0;13267919331.0;-41842948.0;22011.878780734147;26469.167662889027;-3543.992987926882;-855968.1935569997;-142583.33333333334;-713384.8602236664
0.4000000000000003;13388371305.0;13359620029.0;-45496127.0;18561.84987239812;22925.174674962145;-3643.063514227997;-862507.2270840064;-168750.0;-693757.2270840064
0.4040000000000003;13449159802.0;13436748473.0;-48377168.0;15197.123536184808;19282.111160734148;-3622.891368336026;-841181.5840533281;-196166.66666666666;-645014.9173866615
0.4080000000000003;13497272520.0;13499385352.0;-50225550.0;12028.178883881203;15659.219792398122;-3475.629256213313;-792236.1630759015;-224333.33333333334;-567902.8297425681
0.4120000000000003;13533887123.0;13548119714.0;-50847194.0;9153.650151263899;12183.590536184809;-3206.2432923036067;-718632.1831543259;-252250.0;-466382.18315432593
0.4160000000000003;13560477391.0;13584029102.0;-50141979.0;6647.566840280992;8977.347243881202;-2832.215832617303;-626520.8277457266;-279166.6666666667;-347354.1610790599
0.4200000000000003;13578697700.0;13608609627.0;-48132236.0;4555.076871169001;6145.131411263899;-2385.4987309829066;-523122.49227799795;-303916.6666666667;-219205.82561133124
0.4240000000000003;13590276371.0;13623648157.0;-44950457.0;2894.667622354776;3759.6326802809926;-1901.5832291119918;-415102.3122035561;-325833.3333333333;-89268.97887022284
0.4280000000000003;13596903626.0;13631080354.0;-40803983.0;1656.813670578907;1858.0494511690008;-1411.6208088142243;-309463.4879439673;-344333.3333333333;34869.84538936605
0.43200000000000033;13600114971.0;13632866068.0;-35962442.0;802.8362755230091;446.42864235477646;-947.3614917758691;-213494.34876397447;-359166.6666666667;145672.31790269222
0.43600000000000033;13601208026.0;13630862337.0;-30747366.0;273.2638904956757;-500.93284942109267;-541.0728350558979;-132393.09625683335;-370333.3333333333;237940.23707649997
0.44000000000000034;13601197207.0;13626694315.0;-25486289.0;-2.7049419797108643;-1042.0056844769906;-213.90776502733365;-68992.20811884664;-377833.3333333333;308841.1252144867
0.44400000000000034;13600784070.0;13621670662.0;-20473455.0;-103.28404905088192;-1255.9134495043243;24.801207524613574;-25144.776767792762;-382333.3333333333;357188.55656554055
0.44800000000000034;13600363385.0;13616746214.0;-15962144.0;-105.17126963948176;-1231.1122419797107;170.09955292882887;-471.8051471499614;-384166.6666666667;383694.86151951674
0.45200000000000035;13600087667.0;13612502164.0;-12138779.0;-68.92955420047633;-1061.0126890508818;227.51467941140004;9060.428859751359;-384250.0;393310.4288597514
0.45600000000000035;13599963823.0;13609168172.0;-9080505.0;-30.960985467027957;-833.4980096394818;219.73815543900548;9492.142183362093;-383083.3333333333;392575.4755166954
0.46000000000000035;13599939810.0;13606713133.0;-6749310.0;-6.003242582776309;-613.7598542004763;177.84026873344834;6239.435721062912;-381500.0;387739.43572106294
0.46400000000000036;13599959570.0;13604969455.0;-5029645.0;4.9399028130955225;-435.91958546702796;128.1376428842517;2735.786348967958;-379833.3333333333;382569.11968230124
0.46800000000000036;13599986091.0;13603738328.0;-3778758.0;6.630270273447524;-307.78194258277625;85.9963653958718;422.5918650880003;-378166.6666666667;378589.25853175466
0.47200000000000036;13600003417.0;13602851186.0;-2865095.0;4.331395376954837;-221.78557718690445;56.51014746035199;-574.7187241231717;-376666.6666666667;376091.94794254354
0.47600000000000037;13600009563.0;13602190085.0;-2186668.0;1.5367097154369336;-165.27542972655246;38.406745103507305;-698.6714153794758;-375000.0;374301.3285846205
0.48000000000000037;13600008510.0;13601682611.0;-1673048.0;-0.263282467005136;-126.86868462304516;28.022514338482097;-449.9980456105174;-372833.3333333333;372383.3352877228
0.4840000000000004;13599998889.0;13601287227.0;-1278717.0;-2.405394489503604;-98.84617028456306;21.859867817557927;-535.528005624617;-369833.3333333333;369297.8053277087
0.4880000000000004;13599936148.0;13600979282.0;-980393.0;-15.685073248247777;-76.98630246700513;15.757327977501532;-3319.919689686043;-365500.0;362180.08031031396
0.4920000000000004;13599642211.0;13600734367.0;-798219.0;-73.48429505219995;-61.2289744895036;-2.349238758744171;-14449.805450988044;-359833.3333333333;345383.52788234525
0.4960000000000004;13598676357.0;13600480055.0;-837844.0;-241.4634452383924;-63.57821324824777;-60.176721803952184;-41994.78754654811;-352250.0;310255.2124534519
0.5000000000000003;13596227740.0;13599985036.0;-1308679.0;-612.1543157959277;-123.75493505219995;-196.22925018619244;-92672.71763938382;-342916.6666666667;250243.94902728286
0.5040000000000003;13591106256.0;13598705100.0;-2477360.0;-1280.3710225888294;-319.9841852383924;-440.8117305575352;-167054.17669822543;-331666.6666666667;164612.48996844125
0.5080000000000003;13581856414.0;13595661917.0;-4555661.0;-2312.460348945825;-760.7959157959276;-792.9147667929019;-258022.3315892489;-318916.6666666667;60894.335077417796
0.5120000000000003;13566908817.0;13589447075.0;-7590661.0;-3736.8991201397125;-1553.7106825888295;-1214.1893263569955;-356109.6927984719;-305416.6666666667;-50693.0261318052
0.5160000000000003;13544664637.0;13578375475.0;-11466658.0;-5561.044722132384;-2767.900008945825;-1656.9985911938875;-456036.40049816784;-292000.0;-164036.40049816784
0.5200000000000004;13513523979.0;13560675881.0;-16011244.0;-7785.164032263238;-4424.8986001397125;-2096.8207619926716;-556029.8275327137;-279416.6666666667;-276613.16086604696
0.5240000000000004;13471945361.0;13534589004.0;-21065025.0;-10394.653984473767;-6521.719362132384;-2527.3461701308534;-652372.4880526322;-268083.3333333333;-384289.1547192989
0.5280000000000004;13418556979.0;13498392742.0;-26447381.0;-13347.09480913062;-9049.065532263237;-2932.4313122105305;-738110.2061642132;-258333.33333333334;-479776.8728308799
0.5320000000000004;13352263913.0;13450466755.0;-31909776.0;-16573.265790966194;-11981.496844473768;-3280.184524656852;-806542.7454588935;-250583.33333333334;-555959.4121255601
0.5360000000000004;13272339882.0;13389420030.0;-37156117.0;-19981.00681033452;-15261.68136913062;-3540.951441835572;-851935.2548420811;-245166.66666666666;-606768.5881754145
0.5400000000000004;13178516824.0;13314209499.0;-41869617.0;-23455.763493244915;-18802.63281096619;-3690.551019368326;-868689.1707275991;-242583.33333333334;-626105.8373942657
0.5440000000000004;13071015949.0;13224236764.0;-45719940.0;-26875.21733795251;-22493.183830334518;-3705.7760629103977;-854863.4611768984;-243083.33333333334;-611780.1278435651
0.5480000000000004;12950476065.0;13119440925.0;-48424976.0;-30134.969712331902;-26198.959893244915;-3581.756004707593;-814938.0935948484;-246833.33333333334;-568104.760261515
0.5520000000000004;12817821846.0;13000318062.0;-49841997.0;-33163.553099264864;-29780.71589795251;-3344.7736343793913;-757145.8467332404;-253500.0;-503645.8467332404
0.5560000000000004;12674138027.0;12867816104.0;-49994258.0;-35920.953000165406;-33125.4895323319;-3037.7190469329653;-689349.9752251355;-262750.0;-426599.9752251355
0.5600000000000004;12520591398.0;12723163270.0;-49025243.0;-38386.65553509155;-36163.208579264865;-2699.2590009005435;-616425.6337315365;-273833.3333333333;-342592.30039820314
0.5640000000000004;12358407433.0;12567713400.0;-47122002.0;-40545.989336444436;-38862.46758016541;-2351.5080749261397;-539833.4503382212;-286333.3333333333;-253500.11700488784
0.5680000000000004;12188864001.0;12402857498.0;-44450065.0;-42385.85581606553;-41213.97565509155;-1999.0175813528913;-459966.61990527355;-299833.3333333333;-160133.28657194023
0.5720000000000004;12013251216.0;12230005526.0;-41141525.0;-43903.194183955406;-43212.99323644444;-1641.3540796210873;-379334.5919724688;-313750.0;-65584.59197246884
0.5760000000000004;11832793642.0;12050588137.0;-37336921.0;-45114.39134784769;-44854.34731606553;-1289.0621278898761;-302799.290973071;-327500.0;24700.709026928962
0.5800000000000004;11648582483.0;11866014500.0;-33220858.0;-46052.78757381446;-46143.4094439554;-964.2333838922859;-234599.05649169197;-340250.0;105650.94350830805
0.5840000000000004;11461548904.0;11677583929.0;-29001446.0;-46758.39263454428;-47107.64282784769;-685.2315059667671;-176401.26518245597;-351500.0;175098.73481754403
0.5880000000000004;11272469705.0;11486412432.0;-24863528.0;-47269.797434341344;-47792.874333814456;-457.32998072982446;-127851.19994926572;-360750.0;232898.80005073428
0.5920000000000004;11081988021.0;11293411615.0;-20941910.0;-47620.418637173105;-48250.20431454428;-276.10771979706624;-87655.30070794011;-367916.6666666667;280261.36595872656
0.5960000000000004;10890627157.0;11099306367.0;-17318346.0;-47840.213941465816;-48526.31203434135;-133.20736283175938;-54948.82607317777;-372916.6666666667;317967.8405934889
0.6000000000000004;10698785603.0;10904668290.0;-14041133.0;-47960.386134849534;-48659.519397173106;-23.16252429271117;-30043.048345929492;-376250.0;346206.9516540705
0.6040000000000004;10506732830.0;10709937563.0;-11151960.0;-48006.0;-48682.68192146582;53.17818661628553;-11403.466287616538;-378000.0;366596.5337123835
0.6080000000000004;10314625045.0;10515419549.0;-8686719.0;-48006.0;-48629.50373484953;102.30059484953381;0.0;-378833.3333333333;378833.3333333333
0.6120000000000004;10122534794.0;10321310737.0;-6685692.0;-48006.0;-48527.20314;120.0616200000004;0.0;-378750.0;378750.0
0.6160000000000004;9930482179.0;10127682171.0;-5147377.0;-48006.0;-48407.14152;92.29889999999432;0.0;-378333.3333333333;378333.3333333333
0.6200000000000004;9738461348.0;9934422801.0;-3940622.0;-48005.20553470991;-48314.84262;72.40530000000581;198.61632252286654;-377666.6666666667;377865.28298918955
0.6240000000000004;9546458832.0;9741453052.0;-2991704.0;-48000.6265328783;-48242.43732;57.72954529008712;1144.7504579027736;-377000.0;378144.7504579028
0.6280000000000004;9354463135.0;9548714221.0;-2255389.0;-47998.9219743775;-48184.70777470991;48.75790183161007;426.1396251986298;-376250.0;376676.1396251986
0.6320000000000005;9162467682.0;9356170422.0;-1707287.0;-47998.86102877784;-48135.9498728783;34.59067850079737;15.236399915011134;-375083.3333333333;375098.5697332483
0.6360000000000005;8970470152.0;9163764986.0;-1297304.0;-47999.38029445218;-48101.3591943775;24.65992559966253;-129.81641858459625;-373000.0;372870.1835814154
0.6400000000000005;8778470646.0;8971458189.0;-988037.0;-47999.87420293823;-48076.69926877784;18.036754325657967;-123.47712151131418;-369000.0;368876.5228784887
0.6440000000000005;8586470087.0;8779223539.0;-752893.0;-48000.137527691084;-48058.66251445218;13.614731513953302;-65.83118821436074;-362416.6666666667;362350.8354784523
0.6480000000000005;8394469306.0;8587043348.0;-573261.0;-48000.192752721196;-48045.04778293823;10.514595247143006;-13.806257527903654;-352666.6666666667;352652.8604091388
0.6520000000000005;8202468748.0;8394905216.0;-435910.0;-48000.13736246433;-48034.533187691086;8.185834969888674;13.8475642161211;-339583.3333333333;339597.18089754944
0.6560000000000005;8010468511.0;8202799827.0;-331079.0;-48000.056898494375;-48026.3473527212;6.345250256868894;20.11599248908169;-323166.6666666667;323186.7826591558
0.6600000000000005;7818468515.0;8010719819.0;-251308.0;-47999.99682869196;-48020.00210246433;4.866723969957093;15.017450603409088;-303500.0;303515.0174506034
0.6640000000000005;7626468634.0;7818659278.0;-190763.0;-47999.96798239819;-48015.13537849437;3.692769802408293;7.211573441963992;-280666.6666666667;280673.87824010866
0.6680000000000005;7434468774.0;7626613508.0;-144874.0;-47999.9627455564;-48011.44260869196;2.782186293770792;1.3092104491079226;-255250.0;255251.3092104491
0.6720000000000005;7242468889.0;7434578867.0;-110093.0;-47999.96895516927;-48008.66042239819;2.0920968417922268;-1.5524032187386183;-227750.0;227748.44759678125
0.6760000000000005;7050468970.0;7242552594.0;-83705.0;-47999.977318635625;-48006.5683255564;1.5770703871312435;-2.090866588332574;-199333.33333333334;199331.24246674503
0.6800000000000005;6858469028.0;7050532629.0;-63659.0;-47999.98329330298;-48004.99125516927;1.1943965336467954;-1.4936668394511798;-170666.66666666666;170665.1729998272
0.6840000000000005;6666469075.0;6858517442.0;-48414.0;-47999.98599726618;-48003.79685863562;0.9087253326360951;-0.675990799209103;-143000.0;142999.3240092008
0.6880000000000005;6474469120.0;6666505890.0;-36815.0;-47999.986351390384;-48002.888133302986;0.69323603680823;-0.08853105100570247;-117000.0;116999.911468949
0.6920000000000005;6282469169.0;6474497111.0;-27991.0;-47999.98563645135;-48002.19489726618;0.5290858757944079;0.17873475917440373;-93416.66666666667;93416.84540142585
0.6960000000000005;6090469220.0;6282490448.0;-21279.0;-47999.98477774946;-48001.66581139038;0.40343493903492345;0.21467547230713535;-72333.33333333333;72333.54800880564
0.7000000000000005;5898469275.0;6090485399.0;-16179.0;-47999.984198597704;-48001.26237645135;0.3068587018933613;0.14478793855232652;-54000.0;54000.14478793855
0.7040000000000005;5706469330.0;5898481577.0;-12302.0;-47999.983957664335;-48000.955517749455;0.23319915174943162;0.06023334208293818;-38333.333333333336;38333.39356667542
0.7080000000000005;5514469385.0;5706478688.0;-9358.0;-47999.98394583623;-48000.722318597705;0.176880933373468;0.002957025571959093;-25500.0;25500.002957025572
0.7120000000000005;5322469439.0;5514476507.0;-7122.0;-47999.98402998837;-48000.54543766433;0.13417182809644146;-0.021038034901721403;-15333.333333333334;15333.312295298432
0.7160000000000005;5130469494.0;5322474862.0;-5423.0;-47999.98411953599;-48000.411265836236;0.1018558478608611;-0.02238690467493143;-7666.666666666667;7666.644279761992
0.7200000000000005;4938469548.0;5130473625.0;-4131.0;-47999.98417626513;-48000.309409988375;0.07743045238021296;-0.014182283848640509;-2166.6666666666665;2166.652484382818
0.7240000000000005;4746469602.0;4938472698.0;-3150.0;-47999.98419776465;-48000.231979535994;0.05880327086924808;-0.005374880856834352;1500.0;-1500.0053748808568
0.7280000000000005;4554469656.0;4746472006.0;-2404.0;-47999.98419683428;-48000.173176265125;0.044738500473613385;0.00023259235604200512;3750.0;-3749.999767407644
0.7320000000000005;4362469710.0;4554471493.0;-1837.0;-47999.98418733358;-48000.12843776465;0.03402093036856968;0.002375174517510459;4833.333333333333;-4833.3309581588155
0.7360000000000005;4170469765.0;4362471116.0;-1406.0;-47999.98417812893;-48000.09441683428;0.02586950069962768;0.002301163476658985;5166.666666666667;-5166.66436550319
0.7400000000000005;3978469819.0;4170470842.0;-1077.0;-47999.98417263789;-48000.06854733358;0.019749204657273367;0.0013727603800361976;4750.0;-4749.99862723962
0.7440000000000005;3786469873.0;3978470647.0;-828.0;-47999.98417077001;-48000.048798128926;0.014945491042453796;0.00046696914068888873;4083.3333333333335;-4083.332866364193
0.7480000000000006;3594470816.0;3786470512.0;-639.0;-47999.761958042494;-48000.033852637884;0.011341867873852607;55.553181879076874;3250.0;-3194.446818120923
0.7520000000000006;3402478395.0;3594470422.0;394.0;-47998.10298928592;-48000.02251077001;0.2841927275148919;414.74218914299854;2500.0;-2085.2578108570015
0.7560000000000006;3210510034.0;3402471469.0;6926.0;-47992.08787880589;-47999.738318042495;2.0508887565738405;1503.7776200078952;1916.6666666666667;-412.8890466587716
0.7600000000000006;3018605503.0;3210480720.0;29314.0;-47976.13061791771;-47997.68742928592;7.35839048003254;3989.315222044752;1416.6666666666667;2572.648555378085
0.7640000000000006;2826851915.0;3018519404.0;86099.0;-47938.39458861702;-47990.32903880589;19.364360888175725;9434.007325173297;1166.6666666666667;8267.340658506631
0.7680000000000006;2635422952.0;2826635546.0;216369.0;-47857.23851938752;-47970.96467791771;45.55222930069431;20289.017307373797;916.6666666666666;19372.35064070713
0.7720000000000006;2444608709.0;2634933897.0;489055.0;-47703.55851190317;-47925.41244861702;97.51722922949557;38420.00187108897;916.6666666666666;37503.33520442231
0.7760000000000006;2254823742.0;2443622317.0;986392.0;-47446.2395087155;-47827.89521938752;183.5202274843541;64329.750796916414;1166.6666666666667;63163.08413024975
0.7800000000000006;2066601789.0;2253044818.0;1778924.0;-47055.48607382656;-47644.37499190317;304.8709231876637;97688.35872223463;1916.6666666666667;95771.69205556795
0.7840000000000006;1880588905.0;2063686802.0;2914987.0;-46503.2188018686;-47339.504068715505;458.9172148889411;138066.81798949104;3416.6666666666665;134650.15132282436
0.7880000000000006;1697557565.0;1876164455.0;4424450.0;-45757.832778689575;-46880.586853826564;642.8350519579617;186346.505794756;5750.0;180596.505794756
0.7920000000000006;1518448044.0;1691213448.0;6344117.0;-44777.3781910367;-46237.7518018686;860.5660431790238;245113.64691321796;9416.666666666666;235696.9802465513
0.7960000000000006;1344392685.0;1509704705.0;8743339.0;-43513.8375716615;-45377.18575868958;1124.4079076528724;315885.1548438015;14416.666666666666;301468.48817713483
0.8000000000000006;1176679008.0;1332693594.0;11699091.0;-41928.41729067872;-44252.777851036706;1440.8857393752114;396355.07024569414;21333.333333333332;375021.7369123608
0.8040000000000006;1016665974.0;1161446026.0;15232982.0;-40003.256642601016;-42811.892111661495;1797.4537409827753;481290.1620194261;30166.666666666668;451123.4953527595
0.8080000000000006;865701181.0;997388273.0;19277701.0;-37741.196292874556;-41014.43837067872;2167.8437880777055;565515.087431615;41500.0;524015.08743161504
0.8120000000000006;725065362.0;842001895.0;23699286.0;-35158.95315799952;-38846.594582601014;2527.355449726456;645560.7837187599;55500.0;590060.7837187599
0.8160000000000006;595944131.0;696724939.0;28340423.0;-32280.306304616533;-36319.23913287456;2860.711354875042;719661.7133457457;72500.0;647161.7133457457
0.8200000000000006;479404401.0;562890828.0;33053303.0;-29134.931151882316;-33458.527777999516;3161.419653382982;786343.7881835543;92166.66666666667;694177.1215168877
0.8240000000000006;376318805.0;441702396.0;37702005.0;-25771.397736111798;-30297.108124616534;3424.2972727342167;840883.3539426295;114416.66666666667;726466.6872759629
0.8280000000000006;287230134.0;334211153.0;42107652.0;-22272.166685796605;-26872.810851882317;3627.872235770519;874807.7625787982;139000.0;735807.7625787982
0.8320000000000006;212242814.0;241231399.0;45998735.0;-18746.82913258593;-23244.9386161118;3732.6960303151936;881334.3883026682;165583.33333333334;715751.0549693349
0.8360000000000006;150988076.0;163182429.0;49060385.0;-15313.683681373204;-19512.242585796605;3709.0365532106734;858286.3628031819;193666.66666666666;664619.6961365152
0.8400000000000006;102633787.0;99969605.0;51018471.0;-12088.571580629725;-15803.206032585931;3550.630611212726;806278.0251858699;222500.0;583778.0251858699
0.8440000000000006;65938951.0;50959304.0;51674483.0;-9173.70870332714;-12252.575421373205;3264.47282074348;728715.7193256462;251166.66666666666;477549.05265897955
0.8480000000000006;39363007.0;15006894.0;50932057.0;-6643.98561383507;-8988.102600629725;2870.3173173025843;632430.7723730176;278583.3333333333;353847.43903968425
0.8520000000000006;21194922.0;-9464247.0;48827254.0;-4542.021173753955;-6117.785283327141;2403.434909492071;525491.1100202787;303750.0;221741.11002027872
0.8560000000000006;9669311.0;-24321648.0;45516570.0;-2881.4025552951357;-3714.35037383507;1903.3234000811149;415154.6546147048;326000.0;89154.65461470478
0.8600000000000007;3079223.0;-31565755.0;41235066.0;-1647.5219306096608;-1811.0269737539552;1403.7283784588194;308470.1561713687;344666.6666666667;-36196.51049529796
0.8640000000000007;-113074.0;-33194949.0;36274172.0;-798.0743206467404;-407.2985952951358;936.2269846854749;212361.9024907301;359500.0;-147138.0975092699
0.8680000000000007;-1200317.0;-31079236.0;30966162.0;-271.8109078829852;528.9283893903391;530.9670099629204;131565.8531909388;370583.3333333333;-239017.48014239452
0.8720000000000007;-1190579.0;-26839655.0;25639338.0;2.4345934042997905;1059.8953993532596;206.65397276375506;68561.37532182125;378083.3333333333;-309521.95801151206
0.8760000000000007;-780581.0;-21773458.0;20582879.0;102.49959227320731;1266.5493721170146;-29.142038712714793;25016.24971722688;382500.0;-357483.7502827731
0.8800000000000007;-362528.0;-16823829.0;16043248.0;104.51304568726394;1237.4073334042998;-172.31286113109263;503.36335351415687;384250.0;-383746.63664648583
0.8840000000000007;-88184.0;-12563452.0;12200924.0;68.58609932512152;1065.0944722732072;-228.52598658594331;-8981.736590535604;384333.3333333333;-393315.0699238689
0.8880000000000007;35328.0;-9217179.0;9128995.0;30.878167121631247;836.5684856872639;-220.24268636214242;-9426.98305087257;383166.6666666667;-392593.64971753926
0.8920000000000007;59551.0;-6751876.0;6787204.0;6.055854258235488;616.3257993251215;-178.21539220349024;-6205.57821584894;381583.3333333333;-387788.91154918226
0.8960000000000007;40132.0;-4999435.0;5058986.0;-4.854869038040494;438.1104071216312;-128.51539286339573;-2727.6808240689957;379750.0;-382477.680824069
0.9000000000000007;13866.0;-3761055.0;3801187.0;-6.566288049664143;309.5950142582355;-86.37866329627602;-427.8547529059122;378250.0;-378677.8547529059
0.9040000000000007;-3338.0;-2868190.0;2882056.0;-4.301272956661845;223.21635096195948;-56.85927901162364;566.2537732505746;376750.0;-376183.74622674944
0.9080000000000007;-9466.0;-2202762.0;2199424.0;-1.5321199041242817;166.35707195033584;-38.69290490699768;692.2882631343908;375250.0;-374557.71173686563
0.9120000000000007;-8443.0;-1692106.0;1682640.0;0.2557587151785649;127.66416704333815;-28.237886947462442;446.96965482571164;373250.0;-372803.0303451743
0.9160000000000007;1130.0;-1294401.0;1285958.0;2.3934808590473686;99.42628009587571;-22.01304138069716;534.430535967201;370500.0;-369965.5694640328
0.9200000000000007;63747.0;-984749.0;985879.0;15.65428636338581;77.41323871517855;-15.867017856131184;3315.2013760846103;366583.3333333333;-363268.1319572487
0.9240000000000007;357197.0;-738565.0;802312.0;73.36252230540016;61.54622085904737;2.2467855043384404;14427.058985503589;361250.0;-346822.94101449643
0.9280000000000007;1321471.0;-483393.0;840590.0;241.06835558429523;63.79300636338581;60.00491594201436;41926.458319723766;354333.3333333333;-312406.87501360953
0.9320000000000007;3766041.0;11798.0;1309673.0;611.1426670099979;123.79792230540016;195.85081327889503;92518.57785642568;345583.3333333333;-253064.75547690765
0.9360000000000007;8878927.0;1290392.0;2475649.0;1278.2213916709995;319.6487355842952;440.03287142570275;166769.6811652504;334833.3333333333;-168063.65216808292
0.9400000000000007;18114018.0;4329118.0;4549809.0;2308.772657599387;759.681607009998;791.5283246610016;257637.81648209685;322583.3333333333;-64945.51685123645
0.9440000000000007;33044552.0;10533957.0;7580061.0;3732.633298373799;1551.2099316709996;1212.3663859283874;355965.16019360296;309416.6666666667;46548.49352693628
0.9480000000000007;55286893.0;21588262.0;11456290.0;5560.585026171711;2763.576317599387;1656.4343807744117;456987.93194947817;296166.6666666667;160821.26528281145
0.9520000000000007;86477678.0;39268304.0;16018589.0;7797.695749267467;4420.010698373799;2101.689667797913;559277.680773939;283333.3333333333;275944.3474406057
0.9560000000000007;128211829.0;65355105.0;21122573.0;10433.537263538357;6521.700366171712;2543.3497630957554;658960.3785677225;271666.6666666667;387293.7119010558
0.9600000000000007;181922533.0;101615305.0;26596524.0;13427.675527954114;9065.050129267467;2964.278574270891;748534.5661039392;261500.0;487034.56610393914
0.9640000000000007;248763898.0;149732619.0;32189914.0;16710.34044002946;12029.328703538358;3329.7416644157565;820666.2280188366;253250.0;567416.2280188366
0.9680000000000007;329508772.0;211168900.0;37594998.0;20186.217325316527;15359.070367954115;3606.9699520753456;868969.2213217667;247333.33333333334;621635.8879884335
0.9720000000000008;424448885.0;287033061.0;42475711.0;23735.027343515867;18966.04032002946;3768.719665287066;887202.5045498349;244500.0;642702.5045498349
0.9760000000000008;533357557.0;377972100.0;46476785.0;27227.166623901372;22734.759985316527;3788.8744581993415;873034.8200963762;245000.0;628034.8200963762
0.9800000000000008;655560251.0;484066637.0;49290920.0;30550.672100367214;26523.634443515868;3660.9873803855044;830876.3691164604;248916.66666666666;581959.7024497937
0.9840000000000008;790067584.0;604805124.0;50755127.0;33626.831554791206;30184.621823901372;3411.357896465841;769039.8636059981;255916.66666666666;513123.1969393315
0.9880000000000008;935705609.0;739189042.0;50878542.0;36409.5045673205;33595.97972036721;3083.564354423994;695668.253132324;265500.0;430168.253132324
0.9920000000000008;1091204517.0;885907218.0;49798391.0;38874.725055096285;36679.54407479121;2717.8639525292965;616305.1219439458;277083.3333333333;339221.78861061245
0.9960000000000008;1255236692.0;1043496850.0;47707667.0;41008.04187312469;39397.4080273205;2339.7770477757804;533329.2045071012;290000.0;243329.20450710115
1.0000000000000007;1426435859.0;1210445590.0;44791102.0;42799.78972285683;41737.185075096284;1958.3229180284034;447936.96243303566;303750.0;144186.96243303566
1.0040000000000007;1603447237.0;1385227621.0;41208238.0;44252.84228022575;43695.50799312469;1576.7760097321443;363263.1393422289;317666.6666666667;45596.47267556221
1.0080000000000007;1785013695.0;1566316757.0;37130480.0;45391.61249797346;45272.28400285683;1208.3870773689196;284692.55443692784;331083.3333333333;-46390.77889640549
1.0120000000000007;1970046374.0;1752239441.0;32774254.0;46258.16744061945;46480.67108022575;877.3966577477113;216638.73566149778;343416.6666666667;-126777.93100516891
1.0160000000000007;2157645192.0;1941671711.0;28374663.0;46899.702392186264;47358.06773797346;602.5794826459896;160383.73789170326;354083.3333333333;-193699.59544163005
1.0200000000000007;2347081533.0;2133514299.0;24130893.0;47359.08290522112;47960.64722061945;386.9087515668143;114845.12825871388;362666.6666666667;-247821.53840795282
1.0240000000000007;2537766105.0;2326904522.0;20177011.0;47671.140902633546;48347.55597218627;222.14759303485334;78014.49935310666;369166.6666666667;-291152.16731356
1.0280000000000007;2729226292.0;2521183336.0;16582769.0;47865.04439919388;48569.70356522112;96.40347741242294;48475.87414008376;373750.0;-325274.1258599162
1.0320000000000007;2921105200.0;2715847764.0;13378528.0;47969.72474847855;48666.10704263354;1.6490365603385726;26170.087321166648;376583.3333333333;-350413.24601216667
1.0360000000000007;3113163437.0;2910518788.0;10586412.0;48006.0;48667.75607919388;-62.84661071533628;9068.812880363112;378166.6666666667;-369097.85378630355
1.0400000000000007;3305264069.0;3104938425.0;8225012.0;48006.0;48604.909468478545;-105.40874847854866;0.0;378666.6666666667;-378666.6666666667
1.0440000000000007;3497345179.0;3298936427.0;6327642.0;48006.0;48499.50072;-113.84219999999914;0.0;378666.6666666667;-378666.6666666667
1.0480000000000007;3689391127.0;3492479061.0;4866118.0;48006.0;48385.65852;-87.69143999999505;0.0;378083.3333333333;-378083.3333333333
1.0520000000000007;3881408529.0;3685670929.0;3720198.0;48004.34828432632;48297.96708;-68.7551999999996;-412.9289184202207;377500.0;-377912.9289184202
1.0560000000000007;4073409982.0;3878587776.0;2820753.0;48000.36093649146;48229.21188;-55.61841567368538;-996.8369587149937;376833.3333333333;-377830.1702920483
1.0600000000000007;4265405808.0;4071282149.0;2127833.0;47998.95414944573;48173.59346432632;-45.56254783485929;-351.6967614323221;376166.6666666667;-376518.363428099
1.0640000000000007;4457401718.0;4263794272.0;1611536.0;47998.97526653857;48128.03091649146;-32.384607045729354;5.279273209453095;375000.0;-374994.72072679055
1.0680000000000007;4649399606.0;4456176857.0;1224861.0;47999.46971914523;48095.64630944573;-23.179382907161198;123.61315166526765;372916.6666666667;-372793.05351500143
1.0720000000000007;4841399264.0;4648466724.0;932882.0;47999.912289357635;48072.46692653857;-17.024287393338454;110.64255310157023;368916.6666666667;-368806.0241135651
1.0760000000000007;5033399822.0;4840688494.0;710770.0;48000.13715927906;48055.44263914523;-12.884149787591014;56.21748035628116;362416.6666666667;-362360.4491863104
1.0800000000000007;5225400534.0;5032858727.0;541095.0;48000.1757947095;48042.55848935764;-9.955630078577087;9.658857610702398;352666.6666666667;-352657.00780905597
1.0840000000000007;5417401023.0;5224989138.0;411396.0;48000.119821690074;48032.60285927906;-7.743304569557949;-13.993254857268767;339666.6666666667;-339680.65992152394
1.0880000000000007;5609401215.0;5417088576.0;312447.0;48000.04574640101;48024.8595547095;-5.99291301942867;-18.51882226583257;323166.6666666667;-323185.18548893253
1.0920000000000007;5801401194.0;5609164042.0;237173.0;47999.992501193075;48018.866641690074;-4.5905152890627505;-13.311301983776502;303250.0;-303263.3113019838
1.0960000000000008;5993401075.0;5801221146.0;180048.0;47999.968046380265;48014.27612640101;-3.4807452079330687;-6.113703202572651;280250.0;-280256.1137032026
1.1000000000000008;6185400942.0;5993264327.0;136748.0;47999.964535689774;48010.79538119308;-2.622454812815704;-0.8776726226642495;254333.33333333334;-254334.211005956
1.1040000000000008;6377400835.0;6185297018.0;103924.0;47999.9707396769;48008.17292638026;-1.972950690491416;1.5509967815887649;226500.0;-226498.4490032184
1.1080000000000008;6569400757.0;6377321817.0;79018.0;47999.978409226904;48006.19997568977;-1.4881560128706042;1.9173875007254537;197416.66666666666;-197414.74927916593
1.1120000000000008;6761400701.0;6569340664.0;60093.0;47999.98368520048;48004.7118196769;-1.1278304499937803;1.3189933943067444;168166.66666666666;-168165.34767327236
1.1160000000000008;6953400654.0;6761354999.0;45702.0;47999.98596003791;48003.58398922691;-0.8581840264232596;0.568709358049091;139916.66666666666;-139916.0979573086
1.1200000000000008;7145400608.0;6953365902.0;34752.0;47999.98615904114;48002.72580520048;-0.6547251625670469;0.049750806283554994;113416.66666666667;-113416.61691586039
1.1240000000000008;7337400559.0;7145374186.0;26422.0;47999.98545811054;48002.07108003792;-0.4996009967799182;-0.17523264978080988;89416.66666666667;-89416.84189931645
1.1280000000000008;7529400507.0;7337380471.0;20088.0;47999.98467497404;48001.57147904114;-0.3807409305954934;-0.1957841250259662;68166.66666666667;-68166.8624507917
1.1320000000000008;7721400452.0;7529385233.0;15274.0;47999.984166214825;48001.19073811054;-0.2896231365011772;-0.1271898036065977;49916.666666666664;-49916.79385647027
1.1360000000000008;7913400397.0;7721388837.0;11615.0;47999.98396603225;48000.90111497404;-0.2200487592126592;-0.05004564445698634;34666.666666666664;-34666.71671231112
1.1400000000000008;8105400342.0;7913391561.0;8836.0;47999.98396718921;48000.68106621483;-0.1669401825784007;0.00028924114303663373;22333.333333333332;-22333.33304409219
1.1440000000000008;8297400288.0;8105393617.0;6725.0;47999.984048182414;48000.51412603225;-0.12665884303714847;0.02024830064328853;12750.0;-12749.979751699357
1.1480000000000008;8489400233.0;8297395166.0;5122.0;47999.98412936721;48000.38746718921;-0.09609900679788552;0.0202961982722627;5750.0;-5749.979703801728
1.1520000000000008;8681400179.0;8489396331.0;3902.0;47999.984178925086;48000.291368182414;-0.07311881520581665;0.012389469702611677;833.3333333333334;-833.3209438636308
1.1560000000000008;8873400125.0;8681397203.0;2976.0;47999.98419652958;48000.21824936721;-0.05551044212188572;0.004401123078423552;-2333.3333333333335;2333.337734456412
1.1600000000000008;9065400071.0;8873397853.0;2272.0;47999.98419452888;48000.162738925086;-0.04222239551017992;-0.0005001747922506183;-4166.666666666667;4166.666166491875
1.1640000000000008;9257400017.0;9065398335.0;1736.0;47999.98418550196;48000.120516529576;-0.03216200069437036;-0.002256729203509167;-5000.0;4999.9977432707965
1.1680000000000008;9449399963.0;9257398688.0;1329.0;47999.98417720275;48000.08835452888;-0.024429026918369345;-0.002074802978313528;-5000.0;4999.997925197022
1.1720000000000008;9641399909.0;9449398943.0;1020.0;47999.98417243345;48000.06392550196;-0.018548299216490705;-0.0011923257261514664;-4583.333333333333;4583.332141007607
1.1760000000000008;9833399854.0;9641399124.0;785.0;47999.98417093273;48000.04537720275;-0.014104769295954611;-0.0003751792974071577;-3833.3333333333335;3833.332958154036
1.1800000000000008;10025398739.0;9833399249.0;605.0;47999.71877172119;48000.03127243345;-0.01080150072084507;-66.34980288436054;-3083.3333333333335;3016.983530448973
1.1840000000000008;10217389697.0;10025399330.0;-591.0;47997.73738612733;48000.02047093273;-0.33715921153634554;-495.34639846569917;-2416.6666666666665;1921.3202682009673
1.1880000000000008;10409351919.0;10217398063.0;-8366.0;47990.55325317705;47999.68331172119;-2.4478855938650668;-1796.0332375696453;-1833.3333333333333;37.30009576368798
1.1920000000000008;10601238572.0;10409387004.0;-35085.0;47971.66079716497;47997.23542612733;-8.787272950277838;-4723.114003019873;-1416.6666666666667;-3306.447336353206
1.1960000000000008;10792949903.0;10601340796.0;-102224.0;47927.83061248358;47988.44815317705;-22.920796012076607;-10957.546170347996;-1000.0;-9957.546170347996
1.2000000000000008;10984291501.0;10793202905.0;-253002.0;47835.39715975415;47965.527357164974;-52.87686468139145;-23108.363182356698;-916.6666666666666;-22191.69651569003
1.2040000000000008;11174942930.0;10984853506.0;-562005.0;47662.85506953622;47912.65049248358;-110.97363272943039;-43135.52255448303;-916.6666666666666;-42218.85588781637
1.2080000000000009;11364450384.0;11176060213.0;-1117283.0;47376.86126503498;47801.67685975415;-205.8587702179284;-71498.45112530966;-1333.3333333333333;-70165.11779197633
1.2120000000000009;11552234074.0;11366443485.0;-1993101.0;46945.92028009444;47595.818089536224;-338.54288450124295;-107735.24623513549;-2083.3333333333335;-105651.91290180216
1.2160000000000009;11737598939.0;11555472585.0;-3238511.0;46341.21399322188;47257.27520503498;-505.66558494054334;-151176.57171814062;-3750.0;-147426.57171814062
1.2200000000000009;11919729068.0;11742479023.0;-4880084.0;45532.530116681766;46751.60962009444;-703.2006668725589;-202170.9691350279;-6416.666666666667;-195754.30246836125
1.2240000000000009;12097658824.0;11926672658.0;-6943590.0;44482.436919428175;46048.40895322188;-932.4942365401148;-262523.2993133977;-10416.666666666666;-252106.63264673107
1.2280000000000009;12270258296.0;12107136316.0;-9477492.0;43149.865950090236;45115.914716681764;-1202.1273172535875;-333142.7423344849;-16000.0;-317142.7423344849
1.2320000000000009;12436273784.0;12282791465.0;-12533169.0;41503.86992782722;43913.787399428176;-1515.9115893379421;-411499.0055657545;-23333.333333333332;-388165.6722324212
1.2360000000000009;12594411174.0;12452382968.0;-16109184.0;39534.345719029145;42397.875810090234;-1860.5569222630147;-492381.0521995183;-32833.333333333336;-459547.718866185
1.2400000000000009;12743413938.0;12614532243.0;-20121069.0;37250.68921149434;40537.31888782722;-2210.237308798074;-570914.1268837011;-44666.666666666664;-526247.4602170344
1.2440000000000009;12882106599.0;12767840569.0;-24426631.0;34673.16351756305;38327.081579029145;-2541.9902275348068;-644381.4234828224;-59250.0;-585131.4234828224
1.2480000000000009;13009406467.0;12910980934.0;-28874335.0;31824.96539540182;35785.09135149434;-2844.3879339312844;-712049.5305403074;-76500.0;-635549.5305403074
1.252000000000001;13124333372.0;13042743747.0;-33337280.0;28731.725002888517;32940.703417563054;-3115.9748221612317;-773310.098128326;-96250.0;-677060.098128326
1.256000000000001;13226076383.0;13162042661.0;-37709289.0;25435.75155496265;29824.728595401823;-3355.5609325133046;-823993.3619814665;-118333.33333333333;-705660.0286481332
1.260000000000001;13314123902.0;13267919331.0;-41842948.0;22011.87878073567;26469.167662888518;-3543.992987925867;-855968.1935567451;-142583.33333333334;-713384.8602234117
1.264000000000001;13388371305.0;13359620029.0;-45496127.0;18561.84987239761;22925.17467496265;-3643.0635142269784;-862507.2270845148;-168750.0;-693757.2270845148
1.268000000000001;13449159802.0;13436748473.0;-48377168.0;15197.123536185316;19282.111160735672;-3622.8913683380597;-841181.5840530739;-196166.66666666666;-645014.9173864073
1.272000000000001;13497272520.0;13499385352.0;-50225550.0;12028.178883879677;15659.219792397613;-3475.6292562122962;-792236.1630764098;-224333.33333333334;-567902.8297430766
1.276000000000001;13533887123.0;13548119714.0;-50847194.0;9153.65015126339;12183.590536185317;-3206.2432923056404;-718632.1831540718;-252250.0;-466382.18315407174
1.280000000000001;13560477391.0;13584029102.0;-50141979.0;6647.566840280992;8977.347243879676;-2832.215832616286;-626520.8277455992;-279166.6666666667;-347354.1610789326
1.284000000000001;13578697700.0;13608609627.0;-48132236.0;4555.076871169001;6145.13141126339;-2385.4987309823973;-523122.49227799795;-303916.6666666667;-219205.82561133124
1.288000000000001;13590276371.0;13623648157.0;-44950457.0;2894.667622354776;3759.6326802809926;-1901.5832291119918;-415102.3122035561;-325833.3333333333;-89268.97887022284
1.292000000000001;13596903626.0;13631080354.0;-40803983.0;1656.8136705804338;1858.0494511690008;-1411.6208088142243;-309463.48794358555;-344333.3333333333;34869.84538974775
1.296000000000001;13600114971.0;13632866068.0;-35962442.0;802.8362755230091;446.42864235477646;-947.3614917743423;-213494.34876435617;-359166.6666666667;145672.31790231052
1.300000000000001;13601208026.0;13630862337.0;-30747366.0;273.26389049414905;-500.93284941956585;-541.0728350574248;-132393.09625721502;-370333.3333333333;237940.2370761183
1.304000000000001;13601197207.0;13626694315.0;-25486289.0;-2.704941978693087;-1042.0056844769906;-213.90776502886024;-68992.20811821053;-377833.3333333333;308841.12521512277
1.308000000000001;13600784070.0;13621670662.0;-20473455.0;-103.28404905139081;-1255.9134495058508;24.801207527157885;-25144.77676817443;-382333.3333333333;357188.5565651589
1.312000000000001;13600363385.0;13616746214.0;-15962144.0;-105.17126963948176;-1231.112241978693;170.09955292730228;-471.80514702273865;-384166.6666666667;383694.8615196439
1.316000000000001;13600087667.0;13612502164.0;-12138779.0;-68.92955419996744;-1061.0126890513907;227.5146794119089;9060.42885987858;-384250.0;393310.42885987856
1.320000000000001;13599963823.0;13609168172.0;-9080505.0;-30.960985467027957;-833.4980096394818;219.73815543951434;9492.142183234871;-383083.3333333333;392575.47551656817
1.324000000000001;13599939810.0;13606713133.0;-6749310.0;-6.003242582776309;-613.7598541999674;177.84026873293948;6239.435721062912;-381500.0;387739.43572106294
1.328000000000001;13599959570.0;13604969455.0;-5029645.0;4.9399028125866336;-435.91958546702796;128.1376428842517;2735.7863488407356;-379833.3333333333;382569.11968217406
1.332000000000001;13599986091.0;13603738328.0;-3778758.0;6.630270273447524;-307.78194258277625;85.99636539536291;422.5918652152225;-378166.6666666667;378589.2585318819
1.336000000000001;13600003417.0;13602851186.0;-2865095.0;4.331395377463726;-221.78557718741334;56.51014746086088;-574.7187239959495;-376666.6666666667;376091.9479426707
1.340000000000001;13600009563.0;13602190085.0;-2186668.0;1.5367097154369336;-165.27542972655246;38.406745104016196;-698.671415506698;-375000.0;374301.3285844933
