Zeit[sec];Sollposition[°];Istposition[°];Positionsschleppfehler[°];Sollgeschwindigkeit[°/s];Istgeschwindigkeit[°/s];Geschwindigkeitsdifferenz[°/s];Sollbeschleunigung[°/s*s];Istbeschleunigung[°/s*s];Beschleunigungsdifferenz[°/s*s]
0.0;0.0;10986.0;-10986.0;0.0;1.186471478128226e-06;-0.6591611864714783;0.0;0.0;0.0
0.004;0.0;10986.0;-10986.0;0.0;0.03245559021934489;-0.6916155902193449;0.0;0.0;0.0
0.008;0.0;10986.0;-10986.0;0.0;0.0036171808344604133;-0.6627771808344605;0.0;0.0;0.0
0.012;0.0;10986.0;-10986.0;0.0;0.11191083148078212;-0.7710708314807821;0.0;0.0;0.0
0.016;0.0;10986.0;-10986.0;0.0;-0.15122955589611348;-0.5079304441038865;0.0;0.0;0.0
0.02;0.0;10986.0;-10986.0;0.0;-0.016854558721453545;-0.6423054412785465;0.0;0.0;0.0
0.024;0.0;10986.0;-10986.0;0.0;-0.6109164966992537;-0.04824350330074634;0.0;0.0;0.0
0.028;0.0;10986.0;-10986.0;0.0;-0.06808674340481133;-0.5910732565951887;0.0;0.0;0.0
0.032;0.0;10986.0;-10986.0;0.0;-0.16581928043795527;-0.49334071956204484;0.0;0.0;0.0
0.036000000000000004;0.0;10986.0;-10986.0;0.0;-0.0923785503681133;-0.5667814496318868;0.0;0.0;0.0
0.04000000000000001;0.0;10986.0;-10986.0;0.0;-0.010295604536798961;-0.6488643954632011;0.0;0.0;0.0
0.04400000000000001;0.0;10986.0;-10986.0;0.0;-0.0011474468083312104;-0.6580125531916688;0.0;0.0;0.0
0.048000000000000015;-3489.0;10986.0;-10986.0;-0.8723695986819574;0.02629325724148415;-0.6854532572414842;-218.09239967048936;0.0;-218.09239967048936
0.05200000000000002;-38264.0;10986.0;-12369.0;-8.693750047161206;0.002930387816911299;-1.0909513029193283;-1955.3451121198123;0.0;-1955.3451121198123
0.05600000000000002;-209190.0;10986.0;-28242.0;-42.731544388581874;0.04302411245693174;-5.705857309274126;-8509.448585355167;0.0;-8509.448585355167
0.060000000000000026;-774159.0;10986.0;-116816.0;-141.24232450657505;0.0047950443651498705;-29.157130306297752;-24627.695029498293;0.0;-24627.695029498293
0.06400000000000003;-2207393.0;10986.0;-443176.0;-358.30829743624736;0.0005344084781939813;-108.18118368168577;-54266.49323241808;0.0;-54266.49323241808
0.06800000000000003;-5204980.0;-21973.0;-1317131.0;-749.3967765858977;-10.510575369324085;-295.2456641457851;-97772.11978741258;-166.66666666666666;-97605.45312074591
0.07200000000000004;-10619100.0;-291138.0;-3096354.0;-1353.529897675682;-79.99007766090594;-617.8880600655561;-151033.28027244605;-2583.3333333333335;-148449.94693911273
0.07600000000000004;-19373035.0;-1966553.0;-5367477.0;-2188.4837719420075;-492.947511107164;-815.7356943532986;-208738.4685665814;-16500.0;-192238.4685665814
0.08000000000000004;-32418058.0;-7520142.0;-6538033.0;-3261.2554525876535;-1461.9375011888258;-611.3806989727834;-268192.9201614115;-73333.33333333333;-194859.58682807817
0.08400000000000005;-50721271.0;-17819824.0;-6674066.0;-4575.803069555991;-2615.6727941046756;-393.6998392987912;-328636.90424208436;-164333.33333333334;-164303.57090875102
0.08800000000000005;-75229599.0;-32607422.0;-6991138.0;-6127.0817862965405;-3756.780784708915;-438.8547666338859;-387819.6791851374;-245666.66666666666;-142153.01251847073
0.09200000000000005;-106799119.0;-52750854.0;-7580341.0;-7892.3795969480425;-5133.477577882121;-504.50129668837235;-441324.4526628755;-289416.6666666667;-151907.7859962088
0.09600000000000006;-146121348.0;-79821167.0;-7781650.0;-9830.556707769447;-6864.243962925098;-420.56029878557183;-484544.27770535107;-325166.6666666667;-159377.61103868438
0.10000000000000006;-193643526.0;-114098511.0;-8106280.0;-11880.544079716405;-8654.563007134884;-482.30678837720006;-512496.8429867395;-379500.0;-132996.84298673947
0.10400000000000006;-249476757.0;-156467285.0;-8265460.0;-13958.306956793509;-10723.013947258632;-404.901815926376;-519440.7192692761;-434750.0;-84690.71926927609
0.10800000000000007;-313349808.0;-208020630.0;-7481449.0;-15968.261908284423;-12989.749463963932;-151.47042671108647;-502488.7378727285;-489250.0;-13238.737872728507
0.11200000000000007;-384651996.0;-267846680.0;-6627596.0;-17825.54616307496;-15008.700098210486;-132.00395944517732;-464321.06369763415;-524500.0;60178.93630236585
0.11600000000000008;-462532035.0;-334995117.0;-6250638.0;-19470.008925263774;-16894.46578357291;-173.441511875586;-411115.69054720347;-525916.6666666666;114800.97611946314
0.12000000000000008;-546002964.0;-410262451.0;-4849977.0;-20867.731194967644;-18899.402544412653;141.73649579090488;-349430.56742596766;-504750.0;155319.43257403237
0.12400000000000008;-634028712.0;-491511841.0;-3658785.0;-22006.435969541322;-20323.33636642639;89.26082463269631;-284676.19364341954;-472333.3333333333;187657.13968991378
0.12800000000000009;-725582936.0;-577847900.0;-2566810.0;-22888.555069676317;-21661.898780292126;196.87011339217133;-220529.7750337486;-421333.3333333333;200803.55829958472
0.1320000000000001;-819687241.0;-668594971.0;-1217784.0;-23526.074969219906;-22666.926101680943;244.3487503355609;-159379.97488589736;-365750.0;206370.02511410264
0.1360000000000001;-915459320.0;-761984253.0;-373119.0;-23943.018604240755;-23389.453140926154;230.91291893158632;-104235.90875521222;-279166.6666666667;174930.75791145448
0.1400000000000001;-1012180501.0;-857395020.0;287039.0;-24180.294078058654;-23835.405617379205;164.97681977921457;-59318.868454474796;-226416.66666666666;167097.79821219185
0.1440000000000001;-1109341210.0;-954508667.0;1262075.0;-24290.17631099779;-24314.619088002743;355.69199493391716;-27470.55823478422;-151583.33333333334;124112.77509854911
0.1480000000000001;-1206633352.0;-1051853027.0;1716549.0;-24323.034180841976;-24295.05407469565;175.57663416592186;-8214.467461046297;-113833.33333333333;105618.86587228703
0.1520000000000001;-1303906268.0;-1149147949.0;1801226.0;-24318.227850472584;-24332.47497304877;137.98843127060536;1201.5825923481316;-53750.0;54951.58259234813
0.1560000000000001;-1401112589.0;-1246168213.0;1537741.0;-24301.579250623992;-24269.442592791336;40.771033423039626;4162.149962147851;-21000.0;25162.14996214785
0.16000000000000011;-1498258705.0;-1343913574.0;2036477.0;-24286.527612423117;-24414.1687248268;224.70224196781783;3762.9095502188648;2500.0;1262.9095502188648
0.16400000000000012;-1595368706.0;-1440620728.0;1560790.0;-24277.499094245453;-24192.367500671648;-9.694160977272986;2257.129544415875;-916.6666666666666;3173.7962110825415
0.16800000000000012;-1692464592.0;-1537421265.0;1229177.0;-24273.970351268825;-24199.692792798945;-9.592726429906179;882.185744157141;9583.333333333334;-8701.147589176193
0.17200000000000013;-1789559483.0;-1634271240.0;974536.0;-24273.721759023665;-24265.02901224266;47.348267977140495;62.14806128991768;14083.333333333334;-14021.185272043416
0.17600000000000013;-1886658301.0;-1731615601.0;1223323.0;-24274.703280892874;-24277.064042298767;76.57095774252593;-245.38046730231144;-1500.0;1254.6195326976886
0.18000000000000013;-1983761086.0;-1828201904.0;713172.0;-24275.695159639665;-24177.853029971997;-53.46902373171906;-247.96968669761554;-2166.6666666666665;1918.696979969051
0.18400000000000014;-2080866105.0;-1925024414.0;435314.0;-24276.253611343982;-24184.584166506444;-64.38778770672798;-139.61292607928044;-1166.6666666666667;1027.0537405873863
0.18800000000000014;-2177971696.0;-2022330322.0;637575.0;-24276.39660640954;-24359.00710851937;121.35084329429446;-35.74876638958813;8166.666666666667;-8202.415433056256
0.19200000000000014;-2275076928.0;-2119411011.0;613031.0;-24276.306769797317;-24229.321963912756;-10.203210562474851;22.45915305593371;-12416.666666666666;12439.1258197226
0.19600000000000015;-2372181550.0;-2216233521.0;330096.0;-24276.15425292788;-24234.678933610016;-21.875456124755146;38.129217358800815;0.0;38.129217358800815
0.20000000000000015;-2469285691.0;-2313050537.0;42120.0;-24276.034307232207;-24205.533911521317;-68.18571410675577;29.98642391867179;916.6666666666666;-886.6802427479948
0.20400000000000015;-2566389590.0;-2410598145.0;485293.0;-24275.973452431146;-24381.289923718618;134.29991373137455;15.213700265121588;5666.666666666667;-5651.452966401545
0.20800000000000016;-2663493433.0;-2507404175.0;187275.0;-24275.95969323171;-24199.609170741373;-65.16521131988338;3.439799858824699;-10333.333333333334;10336.773133192159
0.21200000000000016;-2760597318.0;-2604380493.0;59715.0;-24275.970042120935;-24247.399093703596;-24.986359991060453;-2.5872223059195676;1500.0;-1502.5872223059196
0.21600000000000016;-2857701267.0;-2701312866.0;-111772.0;-24275.985978380722;-24268.51880043132;-14.151396593581012;-3.9840649469624623;4833.333333333333;-4837.3173982802955
0.22000000000000017;-2954805263.0;-2798854980.0;326432.0;-24275.997947697182;-24341.686298645618;85.29591868469288;-2.9923291149316356;-2083.3333333333335;2080.341004218402
0.22400000000000017;-3051909282.0;-2895617065.0;-15451.0;-24276.00368627782;-24213.947116655127;-62.970573996019084;-1.4346451598612475;-5416.666666666667;5415.232021506806
0.22800000000000017;-3149013306.0;-2992571411.0;-165110.0;-24276.00471746393;-24217.128574049046;-68.77817877297275;-0.2577965269665583;0.0;-0.2577965269665583
0.23200000000000018;-3246117324.0;-3089767456.0;-73085.0;-24276.003480170624;-24338.925302989963;58.536141487460554;0.30932332629163284;9083.333333333334;-9083.024010007042
0.23600000000000018;-3343221336.0;-3187111816.0;167253.0;-24276.001827679604;-24278.385358238444;12.416317384111608;0.4131227551624761;-9083.333333333334;9083.746456088496
0.24000000000000019;-3440325343.0;-3283983765.0;-64814.0;-24276.000657855056;-24247.677646978816;-32.21402525465601;0.292456136776309;-250.0;250.2924561367763
0.2440000000000002;-3537429349.0;-3380833740.0;-318849.0;-24276.000138434938;-24206.892658213896;-88.23965533110822;0.12985502962692408;-83.33333333333333;83.46318836296025
0.2480000000000002;-3634533354.0;-3478342896.0;86301.0;-24276.00008149107;-24399.779192790378;128.9567940228626;0.014235966773412656;9333.333333333334;-9333.31909736656
0.25200000000000017;-3731637359.0;-3575368652.0;8051.0;-24276.00023120445;-24241.01859429973;-34.498464601325395;-0.03742834451259114;-10750.0;10749.962571655487
0.25600000000000017;-3828741365.0;-3672416382.0;-48224.0;-24276.000404821654;-24261.03373014327;-17.859851040469948;-0.0434043013228802;-250.0;249.95659569867712
0.2600000000000002;-3925845372.0;-3769249878.0;-318733.0;-24276.000520164554;-24231.955381026495;-63.16889813727539;-0.02883572506107157;3000.0;-3000.028835725061
0.2640000000000002;-4022949379.0;-3866885376.0;212758.0;-24276.00056724729;-24381.983755785524;118.74878624951816;-0.011770684068324044;3333.3333333333335;-3333.345104017402
0.2680000000000002;-4120053386.0;-3963735352.0;-41273.0;-24276.000568750966;-24234.6030484881;-43.87386966817576;-0.0003759187165996991;-5833.333333333333;5833.332957414616
0.2720000000000002;-4217157393.0;-4060695190.0;-185442.0;-24276.000551513254;-24218.457166455326;-68.66992111225773;0.004309427822590806;-500.0;500.0043094278226
0.2760000000000002;-4314261399.0;-4157803345.0;-181294.0;-24276.00053354333;-24324.8889477817;38.01074587406765;0.004492480911721941;8250.0;-8249.995507519088
0.2800000000000002;-4411365406.0;-4255307007.0;218362.0;-24276.000522299862;-24319.44378010139;56.54495561193471;0.0028108670449000783;-6333.333333333333;6333.336144200378
0.2840000000000002;-4508469413.0;-4352184448.0;-8204.0;-24276.000518127385;-24248.944982460547;-27.547786730177904;0.0010431194823468104;-1833.3333333333333;1833.3343764528156
0.2880000000000002;-4605573419.0;-4449061890.0;-234769.0;-24276.000518400542;-24198.2451695553;-91.84149115609398;-6.828940968262032e-05;-2083.3333333333335;2083.333265043924
0.2920000000000002;-4702677426.0;-4546433716.0;33051.0;-24276.00052033666;-24365.304441386448;91.2869831263015;-0.0004840294423047453;11583.333333333334;-11583.333817362776
0.2960000000000002;-4799781433.0;-4643558350.0;53678.0;-24276.00052217902;-24248.032375471288;-24.747463695257466;-0.0004605899448506534;-8666.666666666666;8666.666206076721
0.3000000000000002;-4896885440.0;-4740573120.0;-35559.0;-24276.000523263865;-24259.783771160146;-18.350289895617607;-0.0002712113200686872;1000.0;-1000.0002712113201
0.3040000000000002;-4993989446.0;-4837489014.0;-223672.0;-24276.000523623483;-24237.84450629903;-51.57633629928023;-8.990446076495573e-05;-333.3333333333333;333.33324342887255
0.3080000000000002;-5091093453.0;-4935086060.0;269368.0;-24276.000523553736;-24384.409477216203;124.57103381612251;1.743683242239058e-05;4333.333333333333;-4333.333315896501
0.3120000000000002;-5188197460.0;-5031908569.0;-12130.0;-24276.00052334027;-24226.216836831027;-50.5114867626944;5.336642061593011e-05;-6333.333333333333;6333.333386699754
0.3160000000000002;-5285301466.0;-5129005737.0;-18969.0;-24276.000523152594;-24270.563681213156;-6.574982256326621;4.691901267506182e-05;1250.0;-1249.9999530809873
0.32000000000000023;-5382405473.0;-5225982056.0;-146656.0;-24276.000523048944;-24284.435919546595;-0.3639637205269537;2.59124135482125e-05;5500.0;-5499.999974087586
0.32400000000000023;-5479509480.0;-5323375854.0;143135.0;-24276.000523019582;-24292.705580082016;25.293156969433767;7.340531738009304e-06;-2583.3333333333335;2583.333340673865
0.32800000000000024;-5576613486.0;-5420198364.0;-138362.0;-24276.00052303029;-24235.427425586746;-48.87481745113837;-2.676642907317728e-06;-583.3333333333334;583.3333306566905
0.33200000000000024;-5673717493.0;-5517207642.0;-233090.0;-24276.00052305316;-24209.6758270542;-80.31009596983495;-5.7179931900464e-06;-1583.3333333333333;1583.33332761534
0.33600000000000024;-5770821500.0;-5614442139.0;-102600.0;-24276.00052307295;-24360.659729302653;78.50320626333996;-4.94765117764473e-06;9750.0;-9750.000004947651
0.34000000000000025;-5867925507.0;-5711742554.0;93808.0;-24276.000523082355;-24264.49421630188;-5.877826758980518;-2.3510438040830195e-06;-12333.333333333334;12333.33333098229
0.34400000000000025;-5965029513.0;-5808718872.0;-33881.0;-24276.00052308414;-24278.412727099;0.3793440224835649;-4.4656189857050776e-07;2833.3333333333335;-2833.3333337798954
0.34800000000000025;-6062133520.0;-5905618286.0;-238473.0;-24276.000523082843;-24202.879416787582;-87.42948629550301;3.246896085329354e-07;-3833.3333333333335;3833.333333658023
0.35200000000000026;-6159237527.0;-6003176880.0;216114.0;-24276.000523080576;-24399.938696247867;136.90501316423615;5.666151992045343e-07;9500.0;-9499.999999433385
0.35600000000000026;-6256341533.0;-6100015869.0;-48904.0;-24276.000523078626;-24203.5912382765;-75.3435248055066;4.874891601502895e-07;-8916.666666666666;8916.666667154155
0.36000000000000026;-6353445540.0;-6197156982.0;-11797.0;-24276.00052307798;-24290.810188733736;14.101845653858618;1.6189005691558123e-07;4250.0;-4249.99999983811
0.36400000000000027;-6450549547.0;-6294050903.0;-221883.0;-24276.00052307733;-24260.661147628613;-28.652355449736206;1.6189005691558123e-07;2000.0;-1999.99999983811
0.36800000000000027;-6547653554.0;-6391669922.0;293129.0;-24276.00052307798;-24360.234392991773;101.82160991403362;-1.6189005691558123e-07;-500.0;499.99999983810994
0.3720000000000003;-6644757560.0;-6488327637.0;-153163.0;-24276.00052307798;-24219.504035100108;-65.68626797742763;0.0;-3000.0;3000.0
0.3760000000000003;-6741861567.0;-6585562134.0;-22672.0;-24276.000523078626;-24277.72727889122;0.36643581322641694;-1.6189005691558123e-07;-1000.0;999.9999998381099
0.3800000000000003;-6838965574.0;-6682697754.0;8941.0;-24276.000523077655;-24336.210118398936;60.746055320702;2.4283508537337184e-07;6833.333333333333;-6833.333333090498
0.3840000000000003;-6936069580.0;-6779965210.0;172390.0;-24276.000523078303;-24268.11132787806;2.454204799814761;-1.6189005691558123e-07;-8416.666666666666;8416.666666504776
0.3880000000000003;-7033173587.0;-6876804199.0;-92627.0;-24276.000523078626;-24264.82666614403;-16.731476933859085;-8.094502845779061e-08;4666.666666666667;-4666.666666747612
0.3920000000000003;-7130277594.0;-6973835449.0;-165384.0;-24276.00052307798;-24223.310493997877;-62.61306908048209;1.6189005691558123e-07;-1833.3333333333333;1833.3333334952233
0.3960000000000003;-7227379498.0;-7071245728.0;140888.0;-24275.47492168192;-24388.330134398733;120.78289132034115;131.40034901516628;8166.666666666667;-8035.266317651501
0.4000000000000003;-7324465706.0;-7168178101.0;-29912.0;-24271.550953599657;-24187.003989025856;-90.58286131107889;980.9920205652816;-12500.0;13480.992020565282
0.4040000000000003;-7421495005.0;-7265247803.0;-55903.0;-24257.32338591559;-24294.815561222804;17.53917187787374;3556.8919210163585;7333.333333333333;-3776.4414123169745
0.4080000000000003;-7518378344.0;-7362290039.0;-77403.0;-24220.83359194263;-24251.513222144007;-19.063895175051584;9122.448493239972;-3083.3333333333335;12205.781826573306
0.4120000000000003;-7614942101.0;-7459788208.0;449004.0;-24140.938225039994;-24354.768898662947;138.77002125021318;19973.84172565944;4000.0;15973.84172565944
0.4160000000000003;-7710873800.0;-7556160278.0;63589.0;-23982.923627977438;-24098.35445214455;-87.2003425728617;39503.64926563907;-4333.333333333333;43836.982598972405
0.4200000000000003;-7805687081.0;-7652779541.0;367824.0;-23703.3190346013;-24127.5809776478;70.89437444959913;69901.14834403447;14583.333333333334;55317.815010701146
0.4240000000000003;-7898733839.0;-7748530884.0;627199.0;-23261.68856220097;-23961.491671179054;126.13296887381148;110407.6181000828;22833.333333333332;87574.28476674946
0.4280000000000003;-7989249178.0;-7843436279.0;1413159.0;-22628.833521715762;-23636.300601547984;191.23238061296433;158213.7601213017;29833.333333333332;128380.42678796835
0.43200000000000033;-8076404150.0;-7935606079.0;1529518.0;-21788.74194853434;-23047.731180217834;126.1431546600761;210022.89329535505;64083.333333333336;145939.5599620217
0.43600000000000033;-8159355328.0;-8025655518.0;2381119.0;-20737.793461461195;-22428.528364328224;271.9370299451475;262737.1217682867;102166.66666666667;160570.45510162
0.44000000000000034;-8237285071.0;-8111738892.0;2956570.0;-19482.43497211654;-21490.349429882684;290.7639238411248;313839.6223361633;157416.66666666666;156422.95566949664
0.44400000000000034;-8309432074.0;-8193680420.0;3913209.0;-18036.749879639778;-20373.743429003487;362.3146322996472;361421.27311919106;193000.0;168421.27311919103
0.44800000000000034;-8375131180.0;-8269266357.0;3832746.0;-16424.775786446822;-18844.304263821643;157.66998589408468;402993.52329823887;261916.66666666666;141076.8566315722
0.45200000000000035;-8433868606.0;-8339710693.0;4652686.0;-14684.355718551384;-17535.98176386303;409.04477399030657;435105.01697385963;314166.6666666667;120938.35030719293
0.45600000000000035;-8485324693.0;-8403222656.0;5187960.0;-12864.021038688048;-15753.251494640566;320.35751034840905;455083.6699658339;355166.6666666667;99917.00329916722
0.46000000000000035;-8529395899.0;-8458906860.0;4980884.0;-11017.801134139861;-13852.538124007055;178.5719294567898;461554.97613704664;401333.3333333333;60221.64280371334
0.46400000000000036;-8566209198.0;-8507752075.0;5255338.0;-9203.324264856694;-12133.709482142762;306.3400449073288;453619.2173207919;433083.3333333333;20535.88398745859
0.46800000000000036;-8596116465.0;-8548659668.0;4926101.0;-7476.81647811095;-10121.310263730407;107.66922230697674;431626.94668643596;462583.3333333333;-30956.38664689733
0.47200000000000036;-8619658852.0;-8581794434.0;3943175.0;-5885.59642428563;-8235.876288085006;-56.95581641713943;397805.01345633;471916.6666666667;-74111.65321033666
0.47600000000000037;-8637518642.0;-8608677979.0;3402563.0;-4464.947237223076;-6677.365722948328;25.48065680282889;355162.2967656385;464500.0;-109337.70323436147
0.48000000000000037;-8650470976.0;-8629777222.0;3175186.0;-3238.0833085220634;-5218.1664791297835;77.02286486786761;306715.9821752531;437250.0;-130534.01782474692
0.4840000000000004;-8659336081.0;-8645559082.0;3009689.0;-2216.2760891537955;-3889.9444973531517;83.68686178069629;255451.80484206695;383750.0;-128298.19515793303
0.4880000000000004;-8664943108.0;-8656270752.0;2360793.0;-1401.7568524271219;-2640.703198268518;-57.790589343987904;203629.80918166842;348250.0;-144620.19081833158
0.4920000000000004;-8668112119.0;-8663010864.0;1503628.0;-792.2526977504156;-1672.9085423079655;-136.19286802274405;152376.03866917657;319833.3333333333;-167457.29466415674
0.4960000000000004;-8669624820.0;-8667108765.0;942047.0;-378.1751339394537;-1009.4271608757078;-98.92057137714505;103519.39095274046;271250.0;-167730.60904725952
0.5000000000000003;-8670159277.0;-8669245605.0;552292.0;-133.61433433609096;-519.7007625060081;-78.81044456144446;61140.199900840686;209750.0;-148609.80009915933
0.5040000000000003;-8670222345.0;-8669882813.0;54953.0;-15.766872334409944;-155.61460396078974;-124.7250499238113;29461.865500420256;150666.66666666666;-121204.8011662464
0.5080000000000003;-8670128707.0;-8669904785.0;-276366.0;23.409487859256483;-20.75849880568683;-84.14609164846854;9794.090048416607;105833.33333333333;-96039.24328491672
0.5120000000000003;-8670031797.0;-8669904785.0;-280064.0;24.227483712275045;-2.291063397705555;-15.43734672322544;204.49896325464056;63333.333333333336;-63128.83437007869
0.5160000000000003;-8669979563.0;-8669904785.0;-186046.0;13.058482214480101;-0.5205900013372302;12.862091449608247;-2792.2503744487362;27333.333333333332;-30125.58370778207
0.5200000000000004;-8669967841.0;-8669904785.0;-106869.0;2.9305309213636463;-1.3122555022016167;14.694471691771852;-2531.987823279114;4666.666666666667;-7198.65448994578
0.5240000000000004;-8669977081.0;-8669899292.0;-75929.0;-2.310047873410677;0.24177075036615134;4.31084039380447;-1310.144698693581;83.33333333333333;-1393.4780320269142
0.5280000000000004;-8669990738.0;-8669904785.0;-66788.0;-3.414159350630932;-2.244068225964904;-0.8511449961105857;-276.02786930506375;0.0;-276.02786930506375
0.5320000000000004;-8670000449.0;-8669899292.0;-83150.0;-2.4278712520731163;1.696065292134881;-9.402169598115862;246.57202463945393;0.0;246.57202463945393
0.5360000000000004;-8670004520.0;-8669904785.0;-89723.0;-1.0177553096065157;-2.5784574261456727;-5.821564700930163;352.5289856166501;0.0;352.5289856166501
0.5400000000000004;-8670001093.0;-8669899292.0;-102714.0;0.8567555305347471;0.33677622335404156;-8.374177569048095;468.6277100353157;0.0;468.6277100353157
0.5440000000000004;-8669964683.0;-8669904785.0;-98351.0;9.102564073505198;-0.7378168916478753;-5.446046557215362;2061.4521357426124;0.0;2061.4521357426124
0.5480000000000004;-8669792134.0;-8669899292.0;-87384.0;43.137320087242266;0.7037426448613405;-1.8316763297027898;8508.689003434267;0.0;8508.689003434267
0.5520000000000004;-8669226458.0;-8669899292.0;2810.0;141.41882426576305;0.7361192724704743;21.980978483055477;24570.376044630197;0.0;24570.376044630197
0.5560000000000004;-8667793844.0;-8669904785.0;335923.0;358.15362083675456;-1.3504847854599358;103.4108432325025;54183.69914274788;0.0;54183.69914274788
0.5600000000000004;-8664798475.0;-8669849854.0;1188092.0;748.8420138781828;12.374134828969837;285.6863016075018;97672.09826035706;500.0;97172.09826035706
0.5640000000000004;-8659388528.0;-8669608154.0;2993534.0;1352.4866859054805;65.29968797165901;626.0978857512314;150911.16800682442;2666.6666666666665;148244.50134015776
0.5680000000000004;-8650641207.0;-8668075562.0;5404496.0;2186.8301968119827;455.57074800541255;854.5875165806933;208585.87772662553;14583.333333333334;194002.54439329222
0.5720000000000004;-8637605851.0;-8662725220.0;6773170.0;3258.838887864948;1408.525521406077;677.6185494562467;268002.17276324134;69416.66666666667;198585.50609657465
0.5760000000000004;-8619316038.0;-8652826538.0;7302393.0;4572.452968962877;2531.2330902286844;513.8866509407239;328403.52027448226;157250.0;171153.5202744823
0.5800000000000004;-8594825465.0;-8638505859.0;8075255.0;6122.642925687515;3650.785304479003;607.1150403971228;387547.4891811596;238583.33333333334;148964.15584782622
0.5840000000000004;-8563278416.0;-8618631592.0;8918518.0;7886.7619740520695;5072.036240650296;642.4569469294329;441029.7620911385;285333.3333333333;155696.42875780523
0.5880000000000004;-8523983311.0;-8591347046.0;8885995.0;9823.775698407251;6915.639941946365;430.5251777798312;484253.4310887954;331583.3333333333;152670.0977554621
0.5920000000000004;-8476492351.0;-8556558838.0;8675472.0;11872.739607376949;8766.094687117751;398.854647752707;512240.9772424244;397000.0;115240.97724242439
0.5960000000000004;-8420693349.0;-8513849487.0;8465356.0;13949.749715279477;10783.284363927898;349.44517953372815;519252.526975632;452250.0;67002.526975632
0.6000000000000004;-8356855990.0;-8462499390.0;7852205.0;15959.339037346168;12917.297748805739;238.07056516759803;502397.3305166728;491416.6666666667;10980.663850006124
0.6040000000000004;-8285589148.0;-8402920532.0;7210752.0;17816.70977201076;14992.215717594087;174.7799029507005;464342.6836661479;507583.3333333333;-43240.64966718544
0.6080000000000004;-8207742345.0;-8334915161.0;5941314.0;19461.699838600303;17095.60600250093;-55.14458771197678;411247.51664738596;524000.0;-112752.48335261404
0.6120000000000004;-8124301081.0;-8259801636.0;4659951.0;20860.315013183696;18789.39939705637;-51.76273826108445;349653.79364584805;515583.3333333333;-165929.53968748526
0.6160000000000004;-8036300402.0;-8179469604.0;4354284.0;22000.168559619724;20163.001735736456;104.84559255269414;284963.3866090071;462416.6666666667;-177453.28005765958
0.6200000000000004;-7944766117.0;-8092617188.0;2718089.0;22883.570193088402;21746.649282947135;-279.5098196017134;220850.4083671696;412416.6666666667;-191566.25829949707
0.6240000000000004;-7850676556.0;-8001996460.0;1472344.0;23522.389212024285;22674.44237509429;-242.35706032842063;159704.75473397074;355666.6666666667;-195961.91193269595
0.6280000000000004;-7754914370.0;-7908189697.0;192288.0;23940.54536523388;23445.502953558218;-302.28990245498426;104539.0383023987;303416.6666666667;-198877.628364268
0.6320000000000005;-7658198945.0;-7813262329.0;2678.0;24178.855035936464;23750.469302088717;-65.87010919575187;59577.41767564585;224333.33333333334;-164755.9156576875
0.6360000000000005;-7561040866.0;-7716291504.0;-837817.0;24289.518557462874;24242.508884510054;-260.1966121414371;27665.88038160262;144833.33333333334;-117167.45295173072
0.6400000000000005;-7463749371.0;-7618710938.0;-1533038.0;24322.872529574473;24426.625738434326;-297.27297105695106;8338.493027899858;103750.0;-95411.50697210015
0.6440000000000005;-7366476138.0;-7520916138.0;-2119455.0;24318.307077010442;24392.0410040572;-217.1138368793654;-1141.363141007787;71333.33333333333;-72474.69647434112
0.6480000000000005;-7269269246.0;-7424307861.0;-1444259.0;24301.72189274169;24204.966629348208;29.244796189555927;-4146.296067187905;22500.0;-26646.296067187905
0.6520000000000005;-7172122669.0;-7327144775.0;-1360309.0;24286.643096886186;24275.426717003833;-45.287195713808615;-3769.6989638761806;-7750.0;3980.3010361238194
0.6560000000000005;-7075012416.0;-7229641113.0;-1680604.0;24277.56219951326;24396.596614957023;-201.59229035175667;-2270.224343231348;-13583.333333333334;11313.108990101986
0.6600000000000005;-6977916449.0;-7132708740.0;-1480448.0;24273.990543663607;24168.63936941178;25.66476587451325;-892.9139624133313;9250.0;-10142.913962413331
0.6640000000000005;-6880821570.0;-7036419067.0;-665320.0;24273.71860303211;24141.916154201655;94.36394795740125;-67.98515787431825;-13666.666666666666;13598.681508792348
0.6680000000000005;-6783722793.0;-6939343872.0;-644895.0;24274.692990904397;24263.421917516043;-28.211966392758768;243.59696807186992;-9416.666666666666;9660.263634738536
0.6720000000000005;-6686620043.0;-6841647949.0;-1244387.0;24275.686545913188;24407.19781063119;-207.75450463034576;248.38875219757028;-1666.6666666666667;1915.055418864237
0.6760000000000005;-6589515041.0;-6745160522.0;-631485.0;24276.249281114437;24099.46874487305;137.7233657640354;140.6838003122175;19500.0;-19359.316199687783
0.6800000000000005;-6492409453.0;-6648453369.0;-235018.0;24276.395793555457;24209.785403755894;52.01735626041773;36.628110255151114;-8916.666666666666;8953.294776921817
0.6840000000000005;-6395304218.0;-6551202393.0;-380773.0;24276.30772929863;24335.07569614221;-81.61800241075252;-22.016064206582087;-7916.666666666667;7894.650602460085
0.6880000000000005;-6298199591.0;-6453522949.0;-954773.0;24276.155566143658;24363.133229947456;-144.05959096515653;-38.04078874327388;8583.333333333334;-8621.374122076608
0.6920000000000005;-6201095445.0;-6357354126.0;-18600.0;24276.035256965908;24071.582136997342;203.54977798942127;-30.07729443743301;9750.0;-9780.077294437433
0.6960000000000005;-6103991545.0;-6260333862.0;65576.0;24275.973889185454;24254.506364792414;25.536952223097614;-15.341945113505062;-10166.666666666666;10151.324721553161
0.7000000000000005;-6006887701.0;-6162703857.0;-460378.0;24275.95975565027;24426.152523231147;-177.763572694701;-3.5333837959115044;-6916.666666666667;6913.1332828707555
0.7040000000000005;-5909783817.0;-6065419922.0;-640433.0;24275.96993095108;24257.700941375842;-20.15827633940353;2.543825202337757;17916.666666666668;-17914.12284146433
0.7080000000000005;-5812679869.0;-5969108276.0;151781.0;24275.98584124944;24139.03618537878;146.03454743302063;3.977574589953292;0.0;3.977574589953292
0.7120000000000005;-5715575873.0;-5871989136.0;136550.0;24275.997853579473;24278.102345716838;6.066833798035077;3.0030825082576484;-10750.0;10753.003082508258
0.7160000000000005;-5618471854.0;-5774199829.0;-548790.0;24276.003645911966;24449.707371746394;-206.6442610201957;1.4480831232503988;-5500.0;5501.44808312325
0.7200000000000005;-5521367830.0;-5677459717.0;-184897.0;24276.00471418683;24148.885371586395;116.02088817766708;0.2670687163117691;19333.333333333332;-19333.06626461702
0.7240000000000005;-5424263812.0;-5580829468.0;288874.0;24276.003492897;24203.88064537298;89.45583015377633;-0.3053224572795443;-7500.0;7499.6946775427205
0.7280000000000005;-5327159800.0;-5483567505.0;130933.0;24276.001841782636;24326.612687005225;-42.752483300129825;-0.4127785914533888;-8750.0;8749.587221408547
0.7320000000000005;-5230055792.0;-5385772705.0;-559851.0;24276.00066698478;24409.030632927144;-166.61884751516118;-0.2936994642368518;3500.0;-3500.293699464237
0.7360000000000005;-5132951787.0;-5289290771.0;62225.0;24276.000142011795;24128.1500246515;151.5848610166795;-0.1312432459599222;14916.666666666666;-14916.797909912626
0.7400000000000005;-5035847782.0;-5192451782.0;327243.0;24276.000081457012;24220.225024914806;75.41002080999897;-0.015138695744099095;-9666.666666666666;9666.651527970922
0.7440000000000005;-4938743777.0;-5094992065.0;-28469.0;24276.000229743928;24389.2547463967;-114.9627653179341;0.03707172891154187;-10500.0;10500.037071728912
0.7480000000000006;-4841639771.0;-4997466431.0;-450098.0;24276.000403363887;24321.442024912172;-72.44776430689308;0.04340498981036944;11750.0;-11749.95659501019
0.7520000000000006;-4744535764.0;-4901039429.0;226905.0;24276.00051927695;24149.180735746184;140.43386196644133;0.028978265618206933;5166.666666666667;-5166.637688401049
0.7560000000000006;-4647431757.0;-4804013672.0;305155.0;24276.000566933417;24252.39784688518;41.9119014191092;0.011914116839761846;-7666.666666666667;7666.678580783507
0.7600000000000006;-4550327750.0;-4706312256.0;-292254.0;24276.000568788433;24438.621676640214;-180.15637914745457;0.00046375407691812143;-8333.333333333334;8333.33379708741
0.7640000000000006;-4453223743.0;-4609242554.0;-257949.0;24276.00055167546;24217.429607969156;43.09401942048862;-0.004278243068256415;17083.333333333332;-17083.3376115764
0.7680000000000006;-4356119737.0;-4512639771.0;243275.0;24276.000533692237;24194.74199944358;95.85506254892607;-0.004495806024351623;-3500.0;3499.9955041939756
0.7720000000000006;-4259015730.0;-4415581055.0;288565.0;24276.000522385675;24274.976428808946;18.3380158367072;-0.0028266404115129262;-8750.0;8749.997173359588
0.7760000000000006;-4161911723.0;-4317736816.0;-451667.0;24276.000518154146;24435.371807782652;-186.4712984678954;-0.0010578824003459886;-2583.3333333333335;2583.332275450933
0.7800000000000006;-4064807716.0;-4221068115.0;-16361.0;24276.000518393077;24156.029706707715;118.98915406649394;5.973288352834061e-05;15750.0;-15749.999940267116
0.7840000000000006;-3967703710.0;-4124207153.0;226684.0;24276.000520319143;24217.677707453848;71.92385081983957;0.0004815165084437467;-5083.333333333333;5083.3338148498415
0.7880000000000006;-3870599703.0;-4027027588.0;151125.0;24276.000522163933;24322.40450977097;-37.336490615613;0.0004611974873114377;-10750.0;10750.000461197487
0.7920000000000006;-3773495696.0;-3929271240.0;-501216.0;24276.000523255592;24379.693090931898;-133.76552989259653;0.0002729148036451079;6333.333333333333;-6333.333060418529
0.7960000000000006;-3676391690.0;-3832800293.0;131844.0;24276.000523621216;24146.35305452132;137.55810806466252;9.140603651758283e-05;7583.333333333333;-7583.3332419272965
0.8000000000000006;-3579287683.0;-3735873413.0;308970.0;24276.000523555194;24220.632671125593;73.90605226854677;-1.65055098477751e-05;-5750.0;5749.99998349449
0.8040000000000006;-3482183676.0;-3638320313.0;-140123.0;24276.00052334189;24419.260149774487;-151.6670061816185;-5.33264028490521e-05;-10666.666666666666;10666.666613340263
0.8080000000000006;-3385079670.0;-3540986938.0;-369491.0;24276.000523154704;24266.95613431215;-13.12507084117533;-4.679623089032248e-05;14833.333333333334;-14833.333380129565
0.8120000000000006;-3287975663.0;-3444367676.0;115253.0;24276.000523050083;24198.808935518897;84.10676775003958;-2.615524863358587e-05;583.3333333333334;-583.333359488582
0.8160000000000006;-3190871656.0;-3347479248.0;330832.0;24276.000523019095;24215.86051378047;79.98992933383124;-7.747075869701803e-06;-6166.666666666667;6166.666658919591
0.8200000000000006;-3093767649.0;-3249689941.0;-354468.0;24276.00052303029;24446.216308786905;-191.48386574851247;2.7985151973553e-06;-9166.666666666666;9166.666669465181
0.8240000000000006;-2996663643.0;-3152850952.0;-89450.0;24276.00052305316;24181.970121363134;88.66340166061127;5.7179931900464e-06;15833.333333333334;-15833.33332761534
0.8280000000000006;-2899559636.0;-3056061401.0;225005.0;24276.0005230723;24210.74844925947;78.75237377982921;4.7848516260273755e-06;-4166.666666666667;4166.666671451519
0.8320000000000006;-2802455629.0;-2958997192.0;264803.0;24276.000523082195;24284.430695378924;7.458007681678282;2.473825588822365e-06;-7166.666666666667;7166.666669140493
0.8360000000000006;-2705351623.0;-2861169434.0;-458948.0;24276.00052308463;24409.06763245393;-160.6039893778252;6.08451955486089e-07;1250.0;-1249.999999391548
0.8400000000000006;-2608247616.0;-2764599609.0;75233.0;24276.00052308317;24160.93963449479;119.57486858830089;-3.647073754109442e-07;11083.333333333334;-11083.333333698041
0.8440000000000006;-2511143609.0;-2667705688.0;285319.0;24276.000523080653;24214.950367607093;78.1692954769569;-6.293703336268663e-07;-5000.0;4999.99999937063
0.8480000000000006;-2414039602.0;-2570361328.0;44966.0;24276.00052307879;24375.280959721815;-96.58247663961811;-4.6566128730773926e-07;-11166.666666666666;11166.666666201005
0.8520000000000006;-2316935596.0;-2472830200.0;-382155.0;24276.000523077815;24310.49590524791;-57.42468216798443;-2.4374458007514477e-07;11166.666666666666;-11166.66666691041
0.8560000000000006;-2219831589.0;-2376287842.0;179493.0;24276.000523077655;24188.441593778745;98.32850929967753;-4.001776687800884e-08;2250.0;-2250.0000000400178
0.8600000000000007;-2122727582.0;-2279317017.0;312675.0;24276.000523077895;24234.21638513114;60.54463794661933;6.002665031701326e-08;-3666.6666666666665;3666.666666726693
0.8640000000000007;-2025623576.0;-2181659546.0;-240789.0;24276.00052307806;24443.79394726317;-182.24076418544064;4.092726157978177e-08;-10500.0;10500.000000040927
0.8680000000000007;-1928519569.0;-2084694214.0;-102115.0;24276.000523078303;24197.655817235864;72.21780584208682;6.093614501878619e-08;15833.333333333334;-15833.333333272398
0.8720000000000007;-1831415562.0;-1987899170.0;206848.0;24276.000523078463;24227.12048756738;61.29091551077727;4.001776687800884e-08;-3750.0;3750.0000000400178
0.8760000000000007;-1734311556.0;-1890955811.0;367496.0;24276.000523078383;24241.857925890217;56.19235718817799;-2.000888343900442e-08;-5416.666666666667;5416.666666646658
0.8800000000000007;-1637207549.0;-1793133545.0;-350764.0;24276.000523078383;24436.148278424414;-181.19359534600153;0.0;-3833.3333333333335;3833.3333333333335
0.8840000000000007;-1540103542.0;-1696475830.0;95528.0;24276.000523078303;24162.00350081867;119.72870225972292;-2.000888343900442e-08;14000.0;-14000.000000020009
0.8880000000000007;-1443001621.0;-1599488525.0;212230.0;24275.479163014064;24237.70127115395;51.0330519244053;-130.3400160595629;-4333.333333333333;4202.99331727377
0.8920000000000007;-1345915269.0;-1502363892.0;190777.0;24271.58685932376;24327.202036755196;-39.96160479612445;-973.0759225758447;-8500.0;7526.924077424155
0.8960000000000007;-1248885368.0;-1404695435.0;-381920.0;24257.474100753334;24357.173422796077;-106.14964253384096;-3528.189642606776;5750.0;-9278.189642606776
0.9000000000000007;-1152000329.0;-1308180542.0;167248.0;24221.258622753976;24174.22259688863;101.82646064074652;-9053.869499839493;4416.666666666667;-13470.536166506161
0.9040000000000007;-1055432894.0;-1211281128.0;240631.0;24141.857627958216;24192.304705960993;65.33107557718904;-19850.24869894005;-3583.3333333333335;-16266.915365606716
0.9080000000000007;-959494597.0;-1114013672.0;-266863.0;23984.573014581558;24352.6299386044;-178.6521495800007;-39321.153344164486;-14083.333333333334;-25237.82001083115
0.9120000000000007;-864670977.0;-1017405396.0;-555286.0;23705.903754430597;24083.641583051573;-36.99676652123526;-69667.31503774007;5833.333333333333;-75500.64837107342
0.9160000000000007;-771609566.0;-921928711.0;-531940.0;23265.351757311026;23896.414237341873;-53.324040671472176;-110137.99927989295;-20333.333333333332;-89804.6659465596
0.9200000000000007;-681075013.0;-827479248.0;-849940.0;22633.637282332213;23575.68914812093;-93.82094922709075;-157928.61874470327;-38000.0;-119928.61874470327
0.9240000000000007;-593896364.0;-734260254.0;-1999057.0;21794.66109709102;23274.249628406218;-376.7248505274947;-209744.04631029846;-71833.33333333333;-137910.71297696515
0.9280000000000007;-510917505.0;-644578857.0;-2461659.0;20744.713765733773;22338.331854395397;-181.333608506593;-262486.83283931133;-86333.33333333333;-176153.499505978
0.9320000000000007;-432956913.0;-558737183.0;-2770171.0;19490.147201346597;21451.73532684062;-234.6563251203006;-313641.64109679405;-157833.33333333334;-155808.3077634607
0.9360000000000007;-360777097.0;-477130737.0;-3362815.0;18044.952971687515;20320.988444955085;-269.3075842535836;-361298.5574147706;-206500.0;-154798.5574147706
0.9400000000000007;-295044663.0;-400468140.0;-4327403.0;16433.10786582384;19106.66713952685;-441.810073117038;-402961.2764659187;-263500.0;-139461.27646591867
0.9440000000000007;-236274877.0;-330205078.0;-4933064.0;14692.44577039277;17441.9855054774;-323.61983824564595;-435165.52385776775;-290083.3333333333;-145082.19052443444
0.9480000000000007;-184788727.0;-267610474.0;-4518037.0;12871.536785251481;15594.654782416093;-113.33005466826398;-455227.24628532206;-367500.0;-87727.24628532205
0.9520000000000007;-140690787.0;-211250610.0;-4955166.0;11024.484485759576;14026.757917900932;-343.3848764483755;-461763.07487297617;-410666.6666666667;-51096.40820630949
0.9560000000000007;-103854717.0;-162333984.0;-5272275.0;9209.017124855935;12102.07430591093;-268.53200863099664;-453866.8402259104;-434666.6666666667;-19200.17355924375
0.9600000000000007;-73928843.0;-121904297.0;-4439949.0;7481.46813759065;10039.51750420661;9.588171699522718;-431887.24681632104;-453416.6666666667;21529.41985034562
0.9640000000000007;-50371856.0;-88187256.0;-4018155.0;5889.246467464419;8396.186841580478;-102.56769315450765;-398055.41753155785;-469250.0;71194.58246844215
0.9680000000000007;-32501074.0;-60573120.0;-4191092.0;4467.69521650836;6810.371643761738;-201.53768256528565;-355387.8127390146;-459916.6666666667;104528.85392765205
0.9720000000000008;-19540836.0;-40001221.0;-3423177.0;3240.059333749292;5078.3627977773795;51.199614269653466;-306908.9706897671;-426750.0;119841.0293102329
0.9760000000000008;-10670360.0;-25098267.0;-2368986.0;2217.619022227075;3702.465702180678;144.68131048545047;-255610.07788055416;-402416.6666666667;146806.58878611252
0.9800000000000008;-5059950.0;-14386597.0;-1713172.0;1402.6024011106467;2648.4085593594496;90.67202550169259;-203754.15527910713;-374833.3333333333;171079.17805422618
0.9840000000000008;-1889030.0;-7399292.0;-1098603.0;792.7298432933394;1712.9949636966887;121.55738409275295;-152468.13945432683;-316916.6666666667;164448.52721233986
0.9880000000000008;-375417.0;-3504639.0;-330963.0;378.40336603625855;960.8062334410165;184.90893576813778;-103581.61931427021;-253500.0;149918.3806857298
0.9920000000000008;159365.0;-1642456.0;334971.0;133.6957665519469;468.4143392114149;183.71326171915985;-61176.89987107791;-206750.0;145573.1001289221
0.9960000000000008;222475.0;-911865.0;739613.0;15.777373933132154;180.49488649956342;147.69021410008574;-29479.598154703683;-156833.33333333334;127353.73517862966
1.0000000000000007;128783.0;-774536.0;955790.0;-23.422858426438363;40.20835651422904;105.51584342997084;-9800.05808989263;-102833.33333333333;93033.2752434407
1.0040000000000007;31816.0;-774536.0;959493.0;-24.241703064858456;4.627110704512767;53.86849168343116;-204.71115960502306;-56416.666666666664;56211.95550706164
1.0080000000000007;-20448.0;-774536.0;865421.0;-13.066248398256757;0.7506475141415118;27.65678381621588;2793.8636666504244;-25750.0;28543.863666650424
1.0120000000000007;-32177.0;-774536.0;786197.0;-2.9323411630475866;1.0561709040037313;26.309637107769454;2533.4768088022925;-7750.0;10283.476808802292
1.0160000000000007;-22931.0;-774536.0;749744.0;2.311354463774491;0.10708411464054098;35.76376218387548;1310.9239067055194;-833.3333333333334;2144.2572400388526
1.0200000000000007;-9267.0;-769043.0;740601.0;3.41614759294799;1.9685514904266965;41.554832367110194;276.19828229337475;0.0;276.19828229337475
1.0240000000000007;449.0;-747070.0;729503.0;2.4292979697132924;4.653128735491224;41.835714162544505;-246.71240580867436;250.0;-496.71240580867436
1.0280000000000007;4523.0;-703125.0;697631.0;1.0183590485335845;11.530761282635867;33.34550245698368;-352.734730294927;583.3333333333334;-936.0680636282603
1.0320000000000007;8067.0;-648193.0;650200.0;0.8859786387973835;13.726583713372365;27.161081342024964;-33.095102434050254;1000.0;-1033.0951024340502
1.0360000000000007;41125.0;-593262.0;599166.0;8.26457756946975;13.59505484315155;23.329044661606815;1844.6497326680917;916.6666666666666;927.9830660014252
1.0400000000000007;210032.0;-532837.0;553990.0;42.226635227210984;15.468887943661493;21.582765547002495;8490.514414435309;500.0;7990.514414435308
1.0440000000000007;772987.0;-444946.0;552846.0;140.7388388191577;20.032811537677606;34.82471725782622;24628.05089798668;583.3333333333334;24044.717564653347
1.0480000000000007;2203522.0;-296631.0;728876.0;357.63382092273525;38.42541019523287;86.39333807141551;54223.74552589439;1083.3333333333333;53140.41219256105
1.0520000000000007;5196392.0;175781.0;1161092.0;748.2175149911467;128.4640839018439;167.35852639436538;97645.92351710286;4750.0;92895.92351710286
1.0560000000000007;10602158.0;1527100.0;1854666.0;1351.4412112104774;363.8390168454836;258.66422686939376;150805.92405483266;16250.0;134555.92405483266
1.0600000000000007;19342452.0;4625244.0;2696913.0;2185.0734521360705;818.0406651998318;328.871823639594;208408.06023139827;42750.0;165658.06023139827
1.0640000000000007;32366956.0;10634766.0;3401108.0;3256.1258274678053;1554.6674176391025;327.8279177495731;267763.0938329337;88166.66666666667;179596.427166267
1.0680000000000007;50641266.0;20484009.0;3971243.0;4568.57739533099;2527.310701784841;315.8082980652239;328112.8919657962;146833.33333333334;181279.5586324628
1.0720000000000007;75111052.0;35117798.0;4418321.0;6117.4461155470535;3724.12090896809;311.19502059001024;387217.1800540159;210333.33333333334;176883.84672068254
1.0760000000000007;106631721.0;55112915.0;5123163.0;7880.167015444104;5078.702470383543;403.6768055339144;440680.2249742627;267000.0;173680.22497426273
1.0800000000000007;145895010.0;81578979.0;5886148.0;9815.821665727366;6707.0196599907695;453.4112271938884;483913.6625708154;319416.6666666667;164496.99590414873
1.0840000000000007;193349415.0;115812378.0;6201932.0;11863.600699058075;8663.655120651081;345.75619625359104;511944.75833267736;377333.3333333333;134611.42499934402
1.0880000000000007;249108395.0;158378906.0;6100976.0;13939.744378101464;10720.944576076474;261.50631335262005;519035.9197608473;441916.6666666667;77119.25309418057
1.0920000000000007;312904065.0;208937988.0;6240938.0;15948.916639964662;12751.807956422714;297.4088463576627;502293.06546579936;487666.6666666667;14626.398799132687
1.0960000000000008;384129643.0;268302612.0;5773057.0;17806.393645838518;14945.516174892708;125.052127351526;464369.251468464;514500.0;-50130.748531536025
1.1000000000000008;461937648.0;336329956.0;4440135.0;19452.000427808747;17061.13937929901;-121.12652330543642;411401.69549255737;529166.6666666666;-117764.97117410929
1.1040000000000008;545344277.0;410537109.0;4024855.0;20851.656285855996;18583.74630956218;105.71235839027213;349913.9645118121;515833.3333333333;-165919.36882152123
1.1080000000000008;633315673.0;491204224.0;3346943.0;21992.847957599974;20269.472725404714;-71.35626674112427;285297.9179359945;464583.3333333333;-179285.4153973388
1.1120000000000008;724826654.0;577941284.0;1793566.0;22877.744056075382;21659.293462130066;-255.75965809069749;221224.02461885213;420083.3333333333;-198859.3087144812
1.1160000000000008;818898971.0;668100586.0;982304.0;23518.078192781668;22597.21154494568;-201.26454075337097;160083.53417657144;355500.0;-195416.46582342856
1.1200000000000008;914649576.0;761649170.0;-60509.0;23937.65013921318;23363.11985215134;-240.30879416981043;104892.9866078779;306750.0;-201857.0133921221
1.1240000000000008;1011358256.0;856801758.0;-490373.0;24177.16890266547;23835.656938272095;-184.39936237426446;59879.69086307294;212916.66666666666;-153036.97580359373
1.1280000000000008;1108513248.0;953580322.0;-1148304.0;24288.746891394356;24156.307980313606;-195.04906324589683;27894.49718222113;160750.0;-132855.50281777888
1.1320000000000008;1205803982.0;1051111450.0;-1799410.0;24322.68214985557;24403.347265824927;-291.3074642891406;8483.814615303345;103750.0;-95266.18538469666
1.1360000000000008;1303077584.0;1148494263.0;-1976027.0;24318.399299041674;24287.353128150557;-104.36683429246114;-1070.7127034738733;70416.66666666667;-71487.37937014055
1.1400000000000008;1400285143.0;1245459595.0;-1658213.0;24301.888784295847;24280.70121187917;-59.40876485681656;-4127.628686456774;15833.333333333334;-19960.96201979011
1.1440000000000008;1497432261.0;1342452393.0;-1403493.0;24286.778395275018;24244.585033235482;-16.916380484766705;-3777.5972552071835;83.33333333333333;-3860.930588540517
1.1480000000000008;1594542811.0;1440076904.0;-1844022.0;24277.636213577916;24403.603671165354;-218.25049871909505;-2285.5454242753694;-9416.666666666666;7131.121242391297
1.1520000000000008;1691638873.0;1536591797.0;-1225942.0;24274.01427858895;24117.86300549197;91.8226750223912;-905.4837472413055;5333.333333333333;-6238.817080574639
1.1560000000000008;1788733737.0;1633381348.0;-910473.0;24273.7149494742;24214.99229601009;6.6330644083282095;-74.83227868760878;-12250.0;12175.167721312391
1.1600000000000008;1885832465.0;1730319214.0;-752667.0;24274.68094748228;24258.608386856675;-29.85158530939225;241.49950201990578;-7750.0;7991.499502019906
1.1640000000000008;1982935176.0;1827817383.0;-1154433.0;24275.676448433416;24331.964646265125;-127.1309197928822;248.87523778397735;2750.0;-2501.1247622160226
1.1680000000000008;2080040157.0;1924200439.0;-437204.0;24276.244196988813;24130.753947280533;118.08380062958167;141.93713884924364;7750.0;-7608.062861150756
1.1720000000000008;2177145741.0;2021176758.0;-309936.0;24276.39483244893;24229.46392887726;27.83562997390254;37.65886502878857;-3916.6666666666665;3954.325531695455
1.1760000000000008;2274250981.0;2118449707.0;-477678.0;24276.30884889409;24346.026551865336;-98.3866369219686;-21.495888709978317;-6000.0;5978.504111290022
1.1800000000000008;2371355614.0;2215656738.0;-579265.0;24276.157103596164;24233.800723803113;7.803234880182572;-37.936324481052;12916.666666666666;-12954.602991147718
1.1840000000000008;2468459764.0;2312259521.0;-77046.0;24276.03637036501;24199.51271459134;72.11371347300883;-30.183307788320235;-750.0;719.8166922116798
1.1880000000000008;2565563667.0;2409246826.0;40094.0;24275.9744020277;24234.867427768768;43.64833612029179;-15.492084327888733;-3083.3333333333335;3067.8412490054448
1.1920000000000008;2662667510.0;2506794434.0;-403459.0;24275.95982965496;24390.472981918003;-138.6680136092;-3.6430931850190973;-5583.333333333333;5579.690240148314
1.1960000000000008;2759771394.0;2603529053.0;-34198.0;24275.96980113458;24143.739536265373;130.17757113996413;2.49286990492692;13916.666666666666;-13914.17379676174
1.2000000000000008;2856875342.0;2700373535.0;225180.0;24275.985680670623;24234.216510954306;55.258157621523424;3.96988401098497;-6750.0;6753.969884010985
1.2040000000000008;2953979337.0;2797509155.0;193469.0;24275.99774322553;24286.953794288904;0.6303844069370825;3.0156387265378726;-3250.0;3253.015638726538
1.2080000000000009;3051083356.0;2895161133.0;-354543.0;24276.003598499785;24377.498210621678;-122.7804203806736;1.4638185639341827;2583.3333333333335;-2581.8695147693993
1.2120000000000009;3148187380.0;2991659546.0;251049.0;24276.004710261233;24141.252511283354;149.81042278787572;0.2779403621389065;10166.666666666666;-10166.388726304527
1.2160000000000009;3245291398.0;3088729248.0;285367.0;24276.00350776793;24266.90015301589;26.22587197169196;-0.30062332552915905;-7000.0;6999.699376674471
1.2200000000000009;3342395410.0;3186106567.0;12070.0;24276.001858300308;24373.390604950164;-96.6621779729503;-0.4123669059481472;-5500.0;5499.587633094052
1.2240000000000009;3439499418.0;3283406982.0;-184329.0;24276.000677691667;24271.63166724638;-6.6885464207371115;-0.2951521601062268;9833.333333333334;-9833.62848549344
1.2280000000000009;3536603423.0;3379965820.0;360843.0;24276.000146215098;24197.135515061436;100.5164648108439;-0.13286914236232406;-83.33333333333333;83.200464190971
1.2320000000000009;3633707428.0;3477178345.0;252325.0;24276.000081425707;24292.406533508227;-1.2665596210863441;-0.016197347576962784;-4250.0;4249.983802652423
1.2360000000000009;3730811433.0;3574753418.0;-218743.0;24276.000228037174;24418.046046135685;-155.1705024944058;0.03665286658360856;-4666.666666666667;4666.703319533251
1.2400000000000009;3827915440.0;3671647339.0;-8659.0;24276.000401655998;24178.357030474275;97.12356946021828;0.04340470604802249;15583.333333333334;-15583.289928627286
1.2440000000000009;3925019446.0;3768409424.0;333262.0;24276.00051823606;24239.68700527004;56.309010745237174;0.029145015105314087;-8833.333333333334;8833.36247834844
1.2480000000000009;4022123453.0;3865643921.0;202771.0;24276.000566564067;24294.790971095434;-6.624264234596922;0.012082002285751514;-3500.0;3500.0120820022858
1.252000000000001;4119227460.0;3963339844.0;-389145.0;24276.00056883142;24401.086709614865;-148.43487290060875;0.0005668380254064687;83.33333333333333;-83.33276649530792
1.256000000000001;4216331467.0;4059821777.0;232929.0;24276.00055186605;24121.530219019445;168.4460881604282;-0.004241342139721382;12166.666666666666;-12166.670908008806
1.260000000000001;4313435474.0;4156902466.0;256247.0;24276.000533866772;24268.824436300038;22.55094579156139;-0.004499819624470547;-10166.666666666666;10166.662166847042
1.264000000000001;4410539480.0;4254219360.0;43360.0;24276.000522485916;24339.092371114224;-60.49022628525563;-0.002845214112312533;-4916.666666666667;4916.663821452555
1.268000000000001;4507643487.0;4351701050.0;-334324.0;24276.000518185778;24317.411117930853;-61.47002847095064;-0.0010750345609267242;8166.666666666667;-8166.667741701228
1.272000000000001;4604747494.0;4448117065.0;353668.0;24276.000518384804;24155.263629754845;141.9569710927717;4.975663614459336e-05;2750.0;-2749.999950243364
1.276000000000001;4701851500.0;4545362549.0;212191.0;24276.00052029773;24310.393764249366;-21.66178595949532;0.0004782314135809429;-7833.333333333333;7833.333811564747
1.280000000000001;4798955507.0;4642932129.0;-253383.0;24276.000522146256;24422.88433105548;-162.0867919134398;0.0004621315383701585;-3666.6666666666665;3666.667128798205
1.284000000000001;4896059514.0;4739908447.0;-125694.0;24276.000523246348;24198.235754085188;70.2231269342592;0.00027502301236381754;14833.333333333334;-14833.333058310322
1.288000000000001;4993163520.0;4836527710.0;359050.0;24276.00052361878;24219.270972463157;78.27255010841327;9.310770110459998e-05;-7000.0;7000.000093107701
1.292000000000001;5090267527.0;4933767700.0;223066.0;24276.000523556333;24297.393698436907;-8.009215049361956;-1.5611476555932313e-05;-5916.666666666667;5916.66665105519
1.296000000000001;5187371534.0;5031458130.0;-363357.0;24276.000523344483;24403.93516178595;-149.73605819412114;-5.296260496834293e-05;-750.0;749.999947037395
1.300000000000001;5284475541.0;5127978516.0;220264.0;24276.000523156003;24107.821699877353;181.39466359533617;-4.712001100415364e-05;14500.0;-14500.000047120011
1.304000000000001;5381579547.0;5224976807.0;325980.0;24276.00052305073;24273.579117100584;21.980206170403108;-2.6318048185203224e-05;-11083.333333333334;11083.333307015286
1.308000000000001;5478683554.0;5322332153.0;74640.0;24276.000523019582;24339.6160252753;-59.13710215991887;-7.787093636579812e-06;-3916.6666666666665;3916.666658879573
1.312000000000001;5575787561.0;5419879761.0;-368961.0;24276.00052303029;24333.597413327356;-79.73455028835451;2.676642907317728e-06;7166.666666666667;-7166.666663990024
1.316000000000001;5672891567.0;5516213379.0;401428.0;24276.000523052837;24111.749316527315;188.33688649670876;5.637048161588609e-06;6333.333333333333;-6333.333327696285
1.320000000000001;5769995574.0;5613442383.0;276430.0;24276.000523071973;24301.57736898059;-8.991045941431366;4.7839421313256025e-06;-11250.0;11250.000004783942
1.324000000000001;5867099581.0;5710946045.0;-123225.0;24276.000523082195;24400.6736320378;-132.06660897752954;2.5556801119819283e-06;-4416.666666666667;4416.666669222347
1.328000000000001;5964203588.0;5808191528.0;-264701.0;24276.00052308479;24246.34231568868;13.776147387234232;6.484697223640978e-07;15750.0;-15749.99999935153
1.332000000000001;6061307594.0;5904624023.0;406811.0;24276.000523082843;24171.615606024145;128.7935770590011;-4.865796654485166e-07;-3500.0;3499.9999995134203
1.336000000000001;6158411601.0;6001913452.0;221388.0;24276.000523080245;24299.028014325235;-9.744211241155426;-6.493792170658708e-07;-7583.333333333333;7583.333332683954
1.340000000000001;6255515608.0;6099642334.0;-403487.0;24276.000523079278;24436.915160154076;-185.12385707224166;-2.419255906715989e-07;-2916.6666666666665;2916.666666424741
1.344000000000001;6352619614.0;6196316528.0;26326.0;24276.00052307798;24136.347606584975;141.23247649496625;-3.246896085329354e-07;16833.333333333332;-16833.33333365802
1.348000000000001;6449723621.0;6293122559.0;324301.0;24276.00052307733;24253.093622823937;42.3649602548503;-1.6189005691558123e-07;-10666.666666666666;10666.666666504776
1.352000000000001;6546827628.0;6390461426.0;89441.0;24276.00052307798;24340.702203095272;-59.33522001752135;1.6189005691558123e-07;-5916.666666666667;5916.666666828557
1.356000000000001;6643931634.0;6488162842.0;-507968.0;24276.00052307733;24381.46032147595;-135.9378783983375;-1.6189005691558123e-07;5083.333333333333;-5083.333333495223
1.360000000000001;6741035641.0;6584441528.0;317352.0;24276.00052307895;24083.2316053601;211.81003771752876;4.0472514228895307e-07;10416.666666666666;-10416.666666261941
1.364000000000001;6838139648.0;6681538696.0;324191.0;24276.000523077655;24280.592425504507;14.859557573552593;-3.2378011383116245e-07;-12750.0;12749.99999967622
1.368000000000001;6935243655.0;6779091797.0;-124903.0;24276.000523078626;24404.97314957665;-136.4668064982252;2.4283508537337184e-07;-5583.333333333333;5583.333333576168
1.372000000000001;7032347661.0;6876469116.0;-398215.0;24276.000523078626;24278.690048241206;-26.582425163196604;0.0;14583.333333333334;-14583.333333333334
1.376000000000001;7129451668.0;6972687378.0;487529.0;24276.00052307733;24115.92951294254;189.3227501360634;-3.2378011383116245e-07;-83.33333333333333;83.33333300955321
1.380000000000001;7226553575.0;7070048218.0;230696.0;24275.47567770941;24315.200404715917;-25.35812163781884;-131.21134197990614;-10166.666666666666;10035.45532468676
1.384000000000001;7323639809.0;7167766113.0;-384025.0;24271.55735387191;24436.361077350357;-183.61014726075155;-979.5809593751983;-3333.3333333333335;2353.752373958135
1.388000000000001;7420669215.0;7264555664.0;-77871.0;24257.350251158965;24140.321945671556;128.9309931259122;-3551.7756782364813;19000.0;-22551.77567823648
1.392000000000001;7517552870.0;7361136475.0;405113.0;24220.912612375374;24215.9731570762;74.28104148479542;-9109.409695897739;-10833.333333333334;1723.923637435595
1.396000000000001;7614117393.0;7458497314.0;16225.0;24141.12968984928;24330.771820095244;-86.81177863344783;-19945.730631523475;-8000.0;-11945.730631523475
1.400000000000001;7710050731.0;7556039429.0;-767912.0;23983.333399061285;24356.523585391948;-213.10487340019245;-39449.07269699888;500.0;-39949.07269699888
1.404000000000001;7804867173.0;7651779785.0;-192130.0;23704.109223747262;23916.040372182426;151.46523199808144;-69806.04382850562;8250.0;-78056.04382850562
1.408000000000001;7897919469.0;7747498169.0;-416310.0;23263.073044343804;23933.18407721037;-84.61271314201804;-110259.04485086448;-32833.333333333336;-77425.71151753115
1.412000000000001;7988443726.0;7842420044.0;-1214655.0;22631.062957565213;23709.898280213834;-251.8962312575677;-158002.52169464785;-43166.666666666664;-114835.85502798118
1.416000000000001;8075612076.0;7935617065.0;-2351371.0;21792.086469594138;23202.89065056828;-328.89779411100244;-209744.12199276866;-52166.666666666664;-157577.455326102
1.420000000000001;8158582185.0;8024463501.0;-1989302.0;20742.526463948572;22186.61046699;-3.8435137954729726;-262390.0014113915;-95583.33333333333;-166806.66807805817
1.424000000000001;8236537469.0;8110755615.0;-2757939.0;19488.81987500196;21523.845719977948;-308.45385538796836;-313426.6472366535;-165750.0;-147676.6472366535
1.428000000000001;8308717574.0;8192697144.0;-3693060.0;18045.025407011726;20414.862402564875;-384.84484631019586;-360948.61699755804;-208750.0;-152198.616997558
1.432000000000001;8374458065.0;8269381714.0;-4682730.0;16435.12205273838;19072.37105037897;-429.61098560194296;-402475.8385683363;-242250.0;-160225.83856833627
1.436000000000001;8433245429.0;8338672485.0;-4312764.0;14696.840240479374;17233.23884381578;-76.82106882264634;-434570.45306475175;-301666.6666666667;-132903.78639808507
1.440000000000001;8484759640.0;8401591187.0;-4210049.0;12878.55231298252;15702.972281273216;-200.22171897578482;-454571.9818742136;-383666.6666666667;-70905.31520754696
1.444000000000001;8528896025.0;8458500366.0;-5174814.0;11034.095704198571;14092.587135300435;-416.97324233107975;-461114.1521959871;-402000.0;-59114.15219598712
1.448000000000001;8565779537.0;8507191772.0;-5234586.0;9220.877365035582;12067.822699921693;-223.98974186234045;-453304.58479074744;-421916.6666666667;-31387.918124080727
1.452000000000001;8595759174.0;8547808228.0;-4547079.0;7494.908912190956;10119.528534434583;-66.36294723558058;-431492.1132111565;-446500.0;15007.886788843507
1.456000000000001;8619372714.0;8581997681.0;-4547801.0;5903.384736915982;8468.204878711555;-193.89077076585272;-397881.0438187434;-473583.3333333333;75702.28951458995
1.460000000000001;8637299175.0;8609084473.0;-4138561.0;4481.615205004212;6686.331588594757;-60.637707931815385;-355442.3829779425;-461583.3333333333;106140.95035539077
1.464000000000001;8650311037.0;8629321289.0;-2979374.0;3252.965221607952;5011.990409986191;158.2478196402517;-307162.49584906496;-435500.0;128337.50415093504
1.468000000000001;8659226628.0;8644405518.0;-2052381.0;2228.8975472419274;3746.549353259191;133.1131518354191;-256016.91859150617;-414250.0;158233.08140849383
1.472000000000001;8664873956.0;8655139160.0;-1369472.0;1411.831965919829;2642.283294638902;129.6858961367916;-204266.39533052463;-369666.6666666667;165400.27133614206
1.476000000000001;8668072763.0;8662082520.0;-669055.0;799.7017601560102;1712.9659818734974;157.8349255534506;-153032.55144095467;-307500.0;154467.44855904533
1.480000000000001;8669605421.0;8666191406.0;-82263.0;383.1645329076923;1013.593771261856;155.38984624766988;-104134.30681207948;-250333.33333333334;146199.02652125387
1.484000000000001;8670151642.0;8668355713.0;305982.0;136.55525588457166;530.9399929110706;125.55688545961698;-61652.31925578017;-204000.0;142347.68074421983
1.488000000000001;8670220537.0;8669201660.0;611349.0;17.223823345082025;210.30222241894157;114.20717323487801;-29832.85813487241;-151583.33333333334;121750.47519846093
1.492000000000001;8670129076.0;8669360962.0;814795.0;-22.865443912063984;45.10341125198454;94.4714724168766;-10022.316814286502;-103416.66666666667;93394.34985238017
1.496000000000001;8670032519.0;8669371948.0;811922.0;-24.139156035367098;7.676507213003934;43.0670756720081;-318.4280308257783;-62416.666666666664;62098.238635840884
1.500000000000001;8669979996.0;8669360962.0;730366.0;-13.130733487048147;-1.778178027033806;22.46458521017621;2752.105637079738;-29666.666666666668;32418.772303746406
1.5040000000000011;8669967938.0;8669371948.0;640311.0;-3.0145889337304643;1.454984907194972;17.19664974815513;2529.0361383294207;-9083.333333333334;11612.369471662754
1.5080000000000011;8669976992.0;8669371948.0;603574.0;2.263611736034197;0.2867447627410293;26.74335252494293;1319.5501674411653;-1000.0;2319.5501674411653
1.5120000000000011;8669990609.0;8669377441.0;594157.0;3.4041387815932747;-1.6529657286331059;36.32124660396546;285.1317613897694;166.66666666666666;118.46509472310271
1.5160000000000011;8670000357.0;8669410400.0;571938.0;2.437123028798822;7.873041331447661;29.12812460024221;-241.75393819861313;166.66666666666666;-408.42060486527976
