Zeit[sec];Sollposition[°];Istposition[°];Positionsschleppfehler[°];Sollgeschwindigkeit[°/s];Istgeschwindigkeit[°/s];Geschwindigkeitsdifferenz[°/s];Sollbeschleunigung[°/s*s];Istbeschleunigung[°/s*s];Beschleunigungsdifferenz[°/s*s]
0.0;0.0;-10986.0;10986.0;-0.0;3.5716092661971173;-3.099211266197117;0.0;0.0;0.0
0.004;0.0;-16479.0;16479.0;-0.0;-1.0920462284917016;1.8006432284917018;0.0;83.33333333333333;-83.33333333333333
0.008;0.0;-16479.0;16479.0;-0.0;-3.009248024892309;3.717845024892309;0.0;0.0;0.0
0.012;0.0;-10986.0;10986.0;-0.0;-1.2670641898802721;1.7394621898802722;0.0;0.0;0.0
0.016;0.0;-16479.0;16479.0;-0.0;-0.6024706987605438;1.311067698760544;0.0;-250.0;250.0
0.02;0.0;-21973.0;21973.0;-0.0;-3.798686940362816;4.743525940362816;0.0;0.0;0.0
0.024;0.0;-16479.0;16479.0;-0.0;-1.772865415133923;2.4814624151339233;0.0;0.0;0.0
0.028;0.0;-5493.0;5493.0;-0.0;4.732108040312369;-4.495909040312369;0.0;166.66666666666666;-166.66666666666666
0.032;0.0;-16479.0;16479.0;-0.0;-3.5504637691868552;4.259060769186855;0.0;83.33333333333333;-83.33333333333333
0.036000000000000004;0.0;-10986.0;10986.0;-0.0;0.9768693562694873;-0.5044713562694874;0.0;-83.33333333333333;83.33333333333333
0.04000000000000001;0.0;-5493.0;5493.0;-0.0;4.3199597608433615;-4.0837607608433615;0.0;0.0;0.0
0.04400000000000001;0.0;-16479.0;16479.0;-0.0;-0.8841188954465495;1.5927158954465497;0.0;-83.33333333333333;83.33333333333333
0.048000000000000015;188.0;-16479.0;16479.0;0.047041954310853104;-1.9442714113439428;2.6528684113439427;11.760488577713277;83.33333333333333;-71.57284475562005
0.05200000000000002;2063.0;-16479.0;16553.0;0.4688047280951064;-2.604160306967426;3.3345907068211433;105.44069344606334;0.0;105.44069344606334
0.05600000000000002;11280.0;-21973.0;22903.0;2.3042703021712203;-3.0458098691547386;4.244627536776668;458.86639351902846;-83.33333333333333;542.1997268523618
0.060000000000000026;41746.0;-10986.0;16692.0;7.616399042601974;2.328441608553987;-0.4166187257399383;1328.0321851076883;0.0;1328.0321851076883
0.06400000000000003;119032.0;-16479.0;39784.0;19.32153823638118;-0.3799844027504875;6.490388067392829;2926.2847984448017;0.0;2926.2847984448017
0.06800000000000003;280675.0;-10986.0;83196.0;40.410726116653315;0.174393189883882;15.62921289591318;5272.296970068034;83.33333333333333;5188.9636367347
0.07200000000000004;572627.0;0.0;182668.0;72.98820557361218;2.4241164871228116;33.04509442526209;8144.369864239716;83.33333333333333;8061.036530906382
0.07600000000000004;1044678.0;21973.0;373509.0;118.01254166255418;9.87565995187991;59.38884528610511;11256.084022235502;83.33333333333333;11172.750688902168
0.08000000000000004;1748122.0;43945.0;714132.0;175.86104585509898;12.354320468176422;109.00212319075676;14462.126048136199;333.3333333333333;14128.792714802865
0.08400000000000005;2735178.0;87891.0;1232926.0;246.76401334393896;10.824070080278535;182.87650314247048;17725.741872209994;833.3333333333334;16892.40853887666
0.08800000000000005;4057344.0;197754.0;1937598.0;330.5415321213018;24.520452895916875;262.43026963038693;20944.379694340718;1583.3333333333333;19361.046361007386
0.09200000000000005;5762106.0;384521.0;2869092.0;426.19031801693814;46.041843141350604;356.894156298952;23912.196473909076;2666.6666666666665;21245.529807242412
0.09600000000000006;7889892.0;741577.0;3983931.0;531.9466934717277;98.99583972659441;440.28709059096144;26439.093863697395;4250.0;22189.093863697395
0.10000000000000006;10472233.0;1944580.0;4651171.0;645.5850550438835;329.9893615522632;337.5716177842753;28409.59039303894;13000.0;15409.59039303894
0.10400000000000006;13530726.0;4389038.0;4512244.0;764.623248148986;620.6842164072152;149.72513756604235;29759.548276275636;35916.666666666664;-6157.118390391027
0.10800000000000007;17077348.0;7531128.0;4138619.0;886.6555207371208;786.4755364389058;83.60106942454684;30508.068147033697;54166.666666666664;-23658.598519632968
0.11200000000000007;21116592.0;11206055.0;3712930.0;1009.8108223348461;922.0508389320269;49.91479913116996;30788.825399431316;56583.333333333336;-25794.50793390202
0.11600000000000008;25648526.0;15386353.0;3271711.0;1132.9834582412584;1048.9585272086606;26.494686463174503;30793.15897660308;43000.0;-12206.841023396919
0.12000000000000008;30671482.0;20000610.0;2889156.0;1255.738995679101;1159.0298093512845;23.12913345271909;30688.884359460644;32416.666666666668;-1727.7823072060237
0.12400000000000008;36183724.0;24977417.0;2636078.0;1378.0605701005215;1254.205274049999;40.07847606657765;30580.39360535514;28583.333333333332;1997.060272021809
0.12800000000000009;42184130.0;30327759.0;2499809.0;1500.1014137004286;1339.33091085335;71.67919408206944;30510.210899976755;26083.333333333332;4426.877566643423
0.1320000000000001;48672229.0;36095581.0;2434912.0;1622.0246873217843;1449.4862752320653;80.94607049251204;30480.818405338938;23833.333333333332;6647.485072005605
0.1360000000000001;55647975.0;42423706.0;2297695.0;1743.93640441061;1588.6002110375475;57.92767753462999;30477.92927220644;26166.666666666668;4311.26260553977
0.1400000000000001;63111497.0;49191284.0;2208703.0;1865.8804356393434;1700.4185644075176;64.2020486880308;30486.00780718334;28583.333333333332;1902.6744738500092
0.1440000000000001;71062938.0;56480713.0;2085558.0;1987.8600712799655;1822.9865496870336;58.26342526296412;30494.908910155515;31166.666666666668;-671.7577565111519
0.1480000000000001;79502386.0;64209595.0;2010793.0;2109.8619143749993;1935.0610008755948;64.93203755546733;30500.46077375845;30500.0;0.4607737584478855
0.1520000000000001;88429873.0;72432861.0;1929596.0;2231.871566746465;2064.353805735733;54.135993625032825;30502.41309286639;29333.333333333332;1169.0797595330587
0.1560000000000001;97845394.0;81359253.0;1633292.0;2353.8800658681084;2235.2282778760837;-7.474741286001063;30502.124780410893;32083.333333333332;-1581.2085529224369
0.16000000000000011;107748931.0;90851440.0;1259231.0;2475.884216539507;2378.353481888259;-44.67541892972531;30501.037667849687;35500.0;-4998.962332150313
0.16400000000000012;118140469.0;100607300.0;1109523.0;2597.884414892789;2442.721114480197;6.526286264725059;30500.049588320508;35166.666666666664;-4666.617078346157
0.16800000000000012;129019995.0;110747681.0;1063304.0;2719.8813700603573;2538.0188887059935;31.243704157150205;30499.238791892025;28333.333333333332;2165.9054585586937
0.17200000000000013;140387481.0;121316528.0;1076615.0;2841.8712674595804;2636.619740489447;55.21416101263276;30497.474349805772;24083.333333333332;6414.141016472438
0.17600000000000013;152242850.0;132149048.0;1314230.0;2963.842097173826;2713.918030244813;110.12749213300503;30492.707428561404;21583.333333333332;8909.374095228071
0.18000000000000013;164585508.0;143541870.0;1479473.0;3085.6644548115314;2860.890681418969;92.2426686730214;30455.589409426353;23833.333333333332;6622.25607609302
0.18400000000000014;177412357.0;155725708.0;1341348.0;3206.7120766447542;3057.320611041587;11.785438630893623;30261.905458305704;29583.333333333332;678.5721249723729
0.18800000000000014;190714396.0;168777466.0;821367.0;3325.509709946059;3271.236381189223;-102.97345756669347;29699.408325326203;40416.666666666664;-10717.25834134046
0.19200000000000014;204473982.0;182301636.0;309614.0;3439.8962387653064;3374.156923683667;-107.73930305714612;28596.632204811838;47166.666666666664;-18570.034461854826
0.19600000000000015;218663820.0;195869751.0;222164.0;3547.4593174462057;3388.381894233424;-8.662740782670426;26890.769670224814;36750.0;-9859.230329775186
0.20000000000000015;233247090.0;209657593.0;361815.0;3645.8173420222397;3458.5738118660875;38.85731835579054;24589.506144008512;21083.333333333332;3506.172810675178
0.20400000000000015;248178604.0;224049683.0;313032.0;3732.8781939804207;3614.4768645887143;-15.190003656391582;21765.21298954526;14833.333333333334;6931.879656211928
0.20800000000000016;263407134.0;239073486.0;8267.0;3807.1325443185096;3757.0037555523745;-76.88898160477856;18563.587584522225;24916.666666666668;-6353.079082144443
0.21200000000000016;278878166.0;254366455.0;-237466.0;3867.757793196282;3815.669762245639;-64.07203875983123;15156.312219443065;32416.666666666668;-17260.354447223603
0.21600000000000016;294536543.0;269615479.0;-163552.0;3914.593949841616;3814.0586042720524;9.643083872966145;11709.039161333521;25000.0;-13290.960838666479
0.22000000000000017;310329719.0;284946899.0;48918.0;3948.293779169871;3840.8218916479354;47.253953775630634;8424.957332063741;10750.0;-2325.042667936259
0.22400000000000017;326211612.0;300613403.0;93139.0;3970.473171446019;3933.31898582049;-1.6330338153979937;5544.848069037016;5833.333333333333;-288.4852642963169
0.22800000000000017;342145319.0;316538086.0;-3983.0;3983.426595652729;3982.093164472728;-25.37433175583874;3238.3560516774423;11833.333333333334;-8594.97728165589
0.23200000000000018;358103909.0;332534180.0;-98160.0;3989.6471824272285;3995.6409988904343;-24.38283452032738;1555.1466936249199;14833.333333333334;-13278.186639708414
0.23600000000000018;374070096.0;348442383.0;-63094.0;3991.5466189975155;3976.134163133058;6.969857009128191;474.859142571745;9833.333333333334;-9358.47419076159
0.24000000000000019;390034966.0;364520874.0;-180129.0;3991.2172741776712;4019.0318695148444;-36.413585916823195;-82.33620496105232;3250.0;-3332.3362049610523
0.2440000000000002;405995614.0;380841064.0;-534698.0;3990.1617747104683;4087.649055668066;-119.23616025675665;-263.8748668007338;4083.3333333333335;-4347.208200134068
0.2480000000000002;421952431.0;397276611.0;-1007042.0;3989.2041005690367;4089.5635289113384;-142.06562002543114;-239.41853535791324;10250.0;-10489.418535357912
0.25200000000000017;437906941.0;413415527.0;-1186804.0;3988.627300442479;4027.722662607139;-88.96697816290089;-144.20003163945694;6250.0;-6394.200031639457
0.25600000000000017;453860553.0;429186401.0;-1001753.0;3988.4027955510446;3938.080020347113;7.825620356165018;-56.126222858551955;-4833.333333333333;4777.207110474781
0.2600000000000002;469814115.0;445001221.0;-862406.0;3988.3904201554296;3958.363936127087;-6.905726677931398;-3.093848903745311;-14583.333333333334;14580.239484429589
0.2640000000000002;485767949.0;460975342.0;-882929.0;3988.45813981292;3981.5472193512414;-31.11396199284627;16.929914372553867;-7333.333333333333;7350.263247705887
0.2680000000000002;501722055.0;476982422.0;-936339.0;3988.5263162639835;3994.7417551948097;-46.58698974122399;17.044112765915997;750.0;-732.955887234084
0.2720000000000002;517676317.0;492583008.0;-582985.0;3988.5654984754065;3909.768986150345;53.64743276529134;9.795552855734968;1000.0;-990.204447144265
0.2760000000000002;533630625.0;508233032.0;-278842.0;3988.57659916169;3906.9436584046493;69.60758752254515;2.7751715708745905;-6416.666666666667;6419.441838237542
0.2800000000000002;549584912.0;524256592.0;-348123.0;3988.571619629506;4009.8470833069773;-36.24670216618097;-1.2448830459561577;-3666.6666666666665;3665.4217836207104
0.2840000000000002;565539160.0;540000000.0;-137232.0;3988.5619422499067;3915.6181915504944;67.0553922614049;-2.419344899863063;3750.0;-3752.419344899863
0.2880000000000002;581493377.0;555358887.0;458153.0;3988.5540810881257;3839.7790566731533;168.48933420349113;-1.9652904452414077;-2750.0;2748.0347095547586
0.2920000000000002;597447578.0;570739746.0;1031530.0;3988.549982747225;3853.136242588562;179.77842953692243;-1.0245852251955512;-9666.666666666666;9665.64208144147
0.2960000000000002;613401775.0;586735840.0;989647.0;3988.5489764576773;4000.7680443981826;30.33927882330545;-0.25157238690098893;-6250.0;6249.748427613099
0.3000000000000002;629355974.0;603105469.0;574217.0;3988.549595112267;4097.363186704826;-84.12224792196821;0.154663647435882;14583.333333333334;-14583.178669685898
0.3040000000000002;645310177.0;619337769.0;296115.0;3988.550621451142;4038.80706604088;-37.52489340009333;0.2565847187270265;21583.333333333332;-21583.076748614607
0.3080000000000002;661264383.0;635191040.0;397045.0;3988.551411239715;3966.6743004433624;38.94863297130041;0.19744714325042878;7000.0;-6999.80255285675
0.3120000000000002;677218591.0;650972900.0;569389.0;3988.551799694058;3943.7233661053615;69.3112894709011;0.0971135857525951;-8166.666666666667;8166.76378025242
0.3160000000000002;693172800.0;667034912.0;461583.0;3988.551877419215;4010.5121791654647;-2.112549537343966;0.019431289274507435;-9750.0;9750.019431289275
0.32000000000000023;709127008.0;683195801.0;254903.0;3988.5518015094035;4030.8703377509396;-31.35768051616833;-0.018977452896251634;2750.0;-2750.0189774528963
0.32400000000000023;725081215.0;699290771.0;114141.0;3988.5516943186617;4019.836159161286;-26.376249294552963;-0.026797685450219433;6583.333333333333;-6583.360131018783
0.32800000000000024;741035422.0;715209961.0;149159.0;3988.5516166686243;3984.902639764714;10.06295669001338;-0.0194125093457842;1666.6666666666667;-1666.6860791760125
0.33200000000000024;756989630.0;731260986.0;52341.0;3988.551581175915;4012.9420006562273;-22.139673496521482;-0.008873177307577862;-3166.6666666666665;3166.657793489359
0.33600000000000024;772943837.0;747680054.0;-412520.0;3988.5515763634858;4109.887041300915;-139.07379824961845;-0.0012031073310936335;1916.6666666666667;-1916.6678697739978
0.34000000000000025;788898044.0;763813477.0;-591735.0;3988.5515856604093;4028.36522635923;-65.25825188340605;0.002324230877093214;7166.666666666667;-7166.66434243579
0.34400000000000025;804852251.0;779655762.0;-479813.0;3988.5515969483836;3966.353775178174;1.5658458995962974;0.002821993575707893;-666.6666666666666;666.6694886602423
0.34800000000000025;820806458.0;795388184.0;-258028.0;3988.5516046208395;3953.53899859501;23.917387486427742;0.001918113980536873;-9583.333333333334;9583.335251447315
0.35200000000000026;836760665.0;811433716.0;-349353.0;3988.5516078563733;4007.043302219231;-33.513881294979;0.0008088834420050262;-8666.666666666666;8666.667475550108
0.35600000000000026;852714872.0;827479248.0;-440678.0;3988.5516080607454;4010.2147282113233;-40.61227635260184;5.1093024922010954e-05;2083.3333333333335;-2083.3332822403086
0.36000000000000026;868669080.0;843107300.0;-114523.0;3988.551606977974;3894.0234594504573;89.60365946798902;-0.0002706927944018389;2666.6666666666665;-2666.666937359461
0.36400000000000027;884623287.0;858636475.0;310509.0;3988.551605805439;3891.503523888691;110.39997074155235;-0.00029313378036022186;-8583.333333333334;8583.333040199554
0.36800000000000027;900577494.0;874594116.0;307076.0;3988.551605055111;4008.1746181972726;-6.418743677845214;-0.0001875820316854515;-7166.666666666667;7166.666479084635
0.3720000000000003;916531701.0;891051636.0;-196237.0;3988.5516047660735;4101.846636441877;-121.73322192705928;-7.225935405585915e-05;8083.333333333333;-8083.333405592687
0.3760000000000003;932485908.0;907316895.0;-507289.0;3988.5516047736287;4062.6997208690336;-95.96154292412939;1.8887931219069287e-06;18083.333333333332;-18083.33333144454
0.3800000000000003;948440115.0;923356934.0;-593121.0;3988.5516048962895;3994.123232295602;-31.075830524836874;3.066520548600238e-05;10000.0;-9999.999969334795
0.3840000000000003;964394323.0;939281616.0;-563596.0;3988.5516050168358;3994.5287153232252;-30.211738501011496;3.0136561690596864e-05;-7666.666666666667;7666.666696803229
0.3880000000000003;980348530.0;955343628.0;-671401.0;3988.5516050895303;4015.4055106363226;-55.72414869295608;1.8173636817664374e-05;-7416.666666666667;7416.666684840304
0.3920000000000003;996302737.0;971477051.0;-850616.0;3988.551605114778;4025.4608837481583;-73.48576670320563;6.311893230304122e-06;-1583.3333333333333;1583.3333396452265
0.3960000000000003;1012256944.0;987242432.0;-661790.0;3988.551605111171;3938.4430475774993;21.6515875216096;-9.017639968078583e-07;1250.0;-1250.000000901764
0.4000000000000003;1028211151.0;1002925415.0;-390566.0;3988.551605097552;3916.332746490983;55.42452062221719;-3.404693416086957e-06;-6500.0;6499.999996595307
0.4040000000000003;1044165359.0;1018674316.0;-185260.0;3988.5516050852702;3952.2745882329887;28.310836872801246;-3.0704541131854057e-06;-9333.333333333334;9333.33333026288
0.4080000000000003;1060119566.0;1034697876.0;-254613.0;3988.5516050782435;4000.7856005776875;-23.18235448493533;-1.7566890164744109e-06;-750.0;749.999998243311
0.4120000000000003;1076073773.0;1050704956.0;-307485.0;3988.5516050761917;3992.218794453193;-16.889044370637293;-5.129550117999315e-07;6833.333333333333;-6833.333333846288
0.4160000000000003;1092027980.0;1065910034.0;441644.0;3988.551605076751;3794.70388996996;212.8384071075152;1.3983481039758772e-07;-583.3333333333334;583.3333334731682
0.4200000000000003;1107982187.0;1081142578.0;1163307.0;3988.5516050783363;3824.491246536556;214.08255953986327;3.963123162975535e-07;-16666.666666666668;16666.66666706298
0.4240000000000003;1123936394.0;1096995850.0;1264242.0;3988.551605079394;3990.8584823938477;52.055528683532884;2.644355845404789e-07;-11250.0;11250.000000264436
0.4280000000000003;1139890602.0;1113392944.0;821355.0;3988.5516050802025;4083.2981948316096;-59.4283247528615;2.021351974690333e-07;12250.0;-12249.999999797865
0.43200000000000033;1155844809.0;1129625244.0;543262.0;3988.551605080326;4059.3339725412925;-47.42210146158823;3.092281986027956e-08;24750.0;-24749.999999969077
0.43600000000000033;1171799016.0;1145549927.0;572787.0;3988.5516050802025;3970.114252177423;43.067193902823874;-3.092281986027956e-08;12916.666666666666;-12916.666666697589
0.44000000000000034;1187753223.0;1161628418.0;448503.0;3988.55160508014;4031.990067600204;-24.152833519930027;-1.5688783605583012e-08;-6333.333333333333;6333.333333317644
0.44400000000000034;1203707430.0;1177888184.0;142944.0;3988.5516050798915;4068.14868373957;-73.4504866593993;-6.207301339600235e-08;-2583.3333333333335;2583.3333332712605
0.44800000000000034;1219661637.0;1193972168.0;13167.0;3988.5516050799533;4004.1864069607163;-15.068620880677827;1.546140993013978e-08;2500.0;-2499.9999999845386
0.45200000000000035;1235615845.0;1209688110.0;251432.0;3988.5516050799533;3939.3649643695776;59.99821671033624;0.0;-1666.6666666666667;1666.6666666666667
0.45600000000000035;1251570052.0;1225563354.0;330395.0;3988.5516050799533;3977.6369803335724;25.121609746374816;0.0;-8750.0;8750.0
0.46000000000000035;1267524259.0;1241828613.0;19344.0;3988.551605079767;4060.3153451763596;-70.93194809641773;-4.661160346586257e-08;-3000.0;2999.9999999533884
0.46400000000000036;1283478466.0;1258165283.0;-363119.0;3988.551605080078;4076.402016152638;-103.46452807276273;7.776179700158536e-08;10333.333333333334;-10333.333333255572
0.46800000000000036;1299432673.0;1274315186.0;-558815.0;3988.551605079767;4016.4730174148335;-51.950457334944986;-7.776179700158536e-08;10500.0;-10500.000000077762
0.47200000000000036;1315386881.0;1290020142.0;-309564.0;3988.5516050799533;3940.03309208022;35.207260999723076;4.661160346586257e-08;-4666.666666666667;4666.666666713279
0.47600000000000037;1331341088.0;1305922852.0;-258067.0;3988.551605080078;3979.8745825867372;-2.4198585068993452;3.115019353572279e-08;-11416.666666666666;11416.666666697816
0.48000000000000037;1347295295.0;1322050781.0;-431788.0;3988.551605079767;4036.920700774205;-66.93597969420534;-7.776179700158536e-08;-5500.0;5499.999999922238
0.4840000000000004;1363249502.0;1338008423.0;-435223.0;3988.551605080015;3969.8171546939093;0.019861386040247453;6.207301339600235e-08;5250.0;-5249.999999937927
0.4880000000000004;1379203709.0;1353658447.0;-131040.0;3988.5516050799533;3905.1360364483166;77.78084863154754;-1.546140993013978e-08;-250.0;249.9999999845386
0.4920000000000004;1395157916.0;1369105225.0;376389.0;3988.551605080015;3879.076526834856;125.65980524514453;1.546140993013978e-08;-10666.666666666666;10666.666666682127
0.4960000000000004;1411112124.0;1385013428.0;422393.0;3988.5516050798287;3981.3843932110517;25.33011086892884;-4.661160346586257e-08;-9500.0;9499.999999953388
0.5000000000000003;1427066331.0;1401322632.0;67396.0;3988.551605080078;4089.6833882367528;-98.23375515681755;6.230038707144558e-08;6750.0;-6749.9999999377
0.5040000000000003;1443020538.0;1417505493.0;-161257.0;3988.551605079767;4025.522479286069;-43.904925206129974;-7.776179700158536e-08;17750.0;-17750.00000007776
0.5080000000000003;1458974745.0;1433441162.0;-142719.0;3988.5516050799533;3996.9846733856016;-14.569985305650789;4.661160346586257e-08;6750.0;-6749.999999953388
0.5120000000000003;1474928952.0;1449415283.0;-162633.0;3988.551605080015;3993.5227787059566;-11.964392626117387;1.546140993013978e-08;-2750.0;2750.0000000154614
0.5160000000000003;1490883160.0;1465735474.0;-528617.0;3988.5516050798287;4072.7696926182807;-106.94861853830116;-4.661160346586257e-08;-4166.666666666667;4166.666666620055
0.5200000000000004;1506837367.0;1481885376.0;-724312.0;3988.5516050799533;4035.50048458845;-78.0942955085161;3.115019353572279e-08;5666.666666666667;-5666.666666635517
0.5240000000000004;1522791574.0;1497705688.0;-590416.0;3988.5516050798915;3946.3065022625665;16.85721481731298;-1.546140993013978e-08;500.0;-500.0000000154614
0.5280000000000004;1538745781.0;1513350220.0;-280741.0;3988.5516050799533;3927.4139161250732;49.06582595484815;1.546140993013978e-08;-10000.0;10000.000000015461
0.5320000000000004;1554699988.0;1529340820.0;-317134.0;3988.551605080015;3993.030356849166;-18.11551376924308;1.546140993013978e-08;-8666.666666666666;8666.666666682127
0.5360000000000004;1570654195.0;1545507202.0;-529309.0;3988.5516050799533;4032.979123805716;-67.18780572575042;-1.546140993013978e-08;2083.3333333333335;-2083.333333348795
0.5400000000000004;1586608403.0;1561322021.0;-389921.0;3988.5516050798287;3952.6528772665088;19.13212481347864;-3.115019353572279e-08;6916.666666666667;-6916.666666697817
0.5440000000000004;1602562610.0;1576823730.0;62577.0;3988.551605080015;3871.5225421988994;119.71987388099706;4.661160346586257e-08;-3916.6666666666665;3916.666666713278
0.5480000000000004;1618516817.0;1592155151.0;685364.0;3988.551605079767;3848.6124735004837;169.40978357941458;-6.207301339600235e-08;-15000.0;14999.999999937927
0.5520000000000004;1634471024.0;1607865601.0;929121.0;3988.5516050799533;3932.3915007768787;96.11230730304305;4.661160346586257e-08;-10083.333333333334;10083.333333379946
0.5560000000000004;1650425231.0;1623982544.0;766385.0;3988.551605080078;4022.4758881922608;-0.969728112415396;3.115019353572279e-08;5833.333333333333;-5833.333333302183
0.5600000000000004;1666379438.0;1639923706.0;779430.0;3988.5516050798915;3972.763604871381;49.303490208607855;-4.661160346586257e-08;14666.666666666666;-14666.666666713278
0.5640000000000004;1682333646.0;1655941772.0;715571.0;3988.5516050799533;4003.444268941219;15.87688913878037;1.546140993013978e-08;8666.666666666666;-8666.666666651205
0.5680000000000004;1698287853.0;1672135620.0;475930.0;3988.5516050799533;4058.9892170506205;-49.97262197069813;0.0;3166.6666666666665;-3166.6666666666665
0.5720000000000004;1714242060.0;1688554688.0;11070.0;3988.5516050798287;4089.3493198970687;-100.32170481711455;-3.115019353572279e-08;5916.666666666667;-5916.666666697817
0.5760000000000004;1730196267.0;1704622192.0;-102227.0;3988.5516050799533;4017.1792601790216;-33.023416099124006;3.115019353572279e-08;6250.0;-6249.99999996885
0.5800000000000004;1746150474.0;1720217285.0;256887.0;3988.551605080078;3898.9294243114673;100.6683217684149;3.115019353572279e-08;-5083.333333333333;5083.333333364483
0.5840000000000004;1762104682.0;1735993652.0;434727.0;3988.5516050798915;3965.2246586151496;42.02020746485414;-4.661160346586257e-08;-16000.0;15999.999999953388
0.5880000000000004;1778058889.0;1752253418.0;129168.0;3988.5516050798287;4075.039688061617;-80.93385898160614;-1.5688783605583012e-08;-4000.0;3999.999999984311
0.5920000000000004;1794013096.0;1768612061.0;-275267.0;3988.551605080078;4071.31707735674;-94.60195327687734;6.230038707144558e-08;11333.333333333334;-11333.333333271034
0.5960000000000004;1809967303.0;1784454346.0;-163345.0;3988.551605080015;3964.674537939494;16.853232140432738;-1.5688783605583012e-08;10166.666666666666;-10166.666666682355
0.6000000000000004;1825921510.0;1800258179.0;-12971.0;3988.551605079705;3940.458800320686;47.53505175935925;-7.753442332614213e-08;-4416.666666666667;4416.666666589133
0.6040000000000004;1841875717.0;1816281738.0;-82323.0;3988.551605080015;4028.831045841383;-43.819329761492554;7.753442332614213e-08;-11583.333333333334;11583.333333410868
0.6080000000000004;1857829925.0;1832574463.0;-420841.0;3988.5516050798915;4057.4983994410577;-87.04295736121958;-3.092281986027956e-08;3333.3333333333335;-3333.3333333642563
0.6120000000000004;1873784132.0;1848647461.0;-539632.0;3988.551605080078;4009.805346169594;-44.45791708961087;4.661160346586257e-08;7416.666666666667;-7416.666666620055
0.6160000000000004;1889738339.0;1864253540.0;-191503.0;3988.5516050798287;3896.0216514839512;84.2953245960166;-6.230038707144558e-08;333.3333333333333;-333.3333333956337
0.6200000000000004;1905692546.0;1879974976.0;41268.0;3988.5516050798915;3933.9905325832005;56.335596496785;1.5688783605583012e-08;-13250.0;13250.000000015689
0.6240000000000004;1921646753.0;1895916138.0;54313.0;3988.551605080015;3994.950846585393;-4.0637825055559915;3.092281986027956e-08;-7666.666666666667;7666.66666669759
0.6280000000000004;1937600960.0;1912000122.0;-75464.0;3988.5516050798915;4002.02980127949;-16.72314819956364;-3.092281986027956e-08;4666.666666666667;-4666.66666669759
0.6320000000000005;1953555168.0;1928029175.0;-150310.0;3988.5516050798915;4006.3688176177025;-24.28054253777009;0.0;8833.333333333334;-8833.333333333334
0.6360000000000005;1969509375.0;1943915405.0;-82333.0;3988.551605080015;3967.7623188840703;17.248967195814203;3.092281986027956e-08;3333.3333333333335;-3333.3333333024107
0.6400000000000005;1985463582.0;1960103760.0;-316480.0;3988.551605080078;4056.858783594218;-81.91581851427281;1.5688783605583012e-08;-1916.6666666666667;1916.6666666823555
0.6440000000000005;2001417789.0;1976330566.0;-589079.0;3988.551605079705;4053.1367436094715;-89.91553552943515;-9.322320693172514e-08;4750.0;-4750.000000093223
0.6480000000000005;2017371996.0;1992409058.0;-713364.0;3988.551605080015;4003.742304808779;-45.86535172885624;7.753442332614213e-08;4333.333333333333;-4333.333333255799
0.6520000000000005;2033326204.0;2008146973.0;-497072.0;3988.551605080015;3941.941037243862;25.2364718359795;0.0;-2500.0;2500.0
0.6560000000000005;2049280411.0;2023923340.0;-319232.0;3988.551605079767;3946.7146528380495;28.10997624195261;-6.207301339600235e-08;-10583.333333333334;10583.333333271261
0.6600000000000005;2065234618.0;2040100708.0;-542392.0;3988.551605080015;4046.963700007897;-81.73495092798294;6.207301339600235e-08;-4750.0;4750.000000062073
0.6640000000000005;2081188825.0;2056151733.0;-639210.0;3988.551605080015;4008.4126019605537;-47.34702688067864;0.0;6250.0;-6250.0
0.6680000000000005;2097143032.0;2071878662.0;-411932.0;3988.5516050798915;3916.267600091923;54.57092898809151;-3.092281986027956e-08;3416.6666666666665;-3416.6666666975893
0.6720000000000005;2113097239.0;2087396851.0;24086.0;3988.5516050798915;3887.0744270238106;102.51287605615289;0.0;-8166.666666666667;8166.666666666667
0.6760000000000005;2129051447.0;2103008423.0;366721.0;3988.5516050798915;3901.6090346022984;102.711573477603;0.0;-12250.0;12250.0
0.6800000000000005;2145005654.0;2118647461.0;681890.0;3988.551605080015;3919.1248662956255;98.74800878426186;3.092281986027956e-08;-6583.333333333333;6583.333333364256
0.6840000000000005;2160959861.0;2134297485.0;986074.0;3988.5516050798915;3912.639375744083;118.3134113358451;-3.092281986027956e-08;2250.0;-2250.000000030923
0.6880000000000005;2176914068.0;2150095825.0;1141941.0;3988.5516050798287;3954.6575971538705;82.99747092608959;-1.5688783605583012e-08;2833.3333333333335;-2833.3333333490223
0.6920000000000005;2192868275.0;2166036987.0;1154986.0;3988.551605080078;3999.2230388172998;38.99296426256842;6.230038707144558e-08;5333.333333333333;-5333.333333271033
0.6960000000000005;2208822483.0;2182494507.0;651673.0;3988.551605079705;4105.257369722579;-88.68382564266449;-9.322320693172514e-08;11583.333333333334;-11583.333333426557
0.7000000000000005;2224776690.0;2198952026.0;148361.0;3988.551605080015;4111.32358327217;-116.39245519224642;7.753442332614213e-08;16250.0;-16249.999999922466
0.7040000000000005;2240730897.0;2215008545.0;46050.0;3988.551605080078;4006.5166159951204;-15.984860915287754;1.5688783605583012e-08;8916.666666666666;-8916.666666650977
0.7080000000000005;2256685104.0;2230773926.0;234876.0;3988.551605080015;3956.548581133185;42.10269194685998;-1.5688783605583012e-08;-7916.666666666667;7916.666666650978
0.7120000000000005;2272639311.0;2246583252.0;379757.0;3988.5516050798915;3959.5757688831222;45.30538719691776;-3.092281986027956e-08;-14500.0;14499.999999969077
0.7160000000000005;2288593518.0;2262897949.0;19267.0;3988.551605080015;4070.4994547755346;-81.11936869558212;3.092281986027956e-08;-4333.333333333333;4333.333333364256
0.7200000000000005;2304547726.0;2279108276.0;-236853.0;3988.551605079767;4048.5697028340737;-70.20277675411307;-6.207301339600235e-08;9000.0;-9000.000000062073
0.7240000000000005;2320501933.0;2294956055.0;-130425.0;3988.551605079767;3950.0361514871347;32.90717859277083;0.0;5583.333333333333;-5583.333333333333
0.7280000000000005;2336456140.0;2310776367.0;3471.0;3988.55160508014;3983.326918588482;5.3739394912827265;9.322320693172514e-08;-7166.666666666667;7166.66666675989
0.7320000000000005;2352410347.0;2326882324.0;-148279.0;3988.551605080015;4025.977838705173;-43.80223062525829;-3.115019353572279e-08;-5500.0;5499.99999996885
0.7360000000000005;2368364554.0;2343147583.0;-459331.0;3988.5516050798915;4059.5842334916665;-90.78386141157489;-3.092281986027956e-08;2750.0;-2750.000000030923
0.7400000000000005;2384318761.0;2359099731.0;-457272.0;3988.551605080015;3980.7742221812628;-11.885313101302017;3.092281986027956e-08;8500.0;-8499.999999969077
0.7440000000000005;2400272969.0;2374925537.0;-328871.0;3988.5516050796423;3951.2579993029162;23.152152777010542;-9.322320693172514e-08;-3000.0;2999.999999906777
0.7480000000000006;2416227176.0;2390740356.0;-189483.0;3988.55160508014;3970.134533303764;10.26930277611973;1.2437340046744794e-07;-8916.666666666666;8916.66666679104
0.7520000000000006;2432181383.0;2406708984.0;-203903.0;3988.551605079767;3981.7621233903506;-1.97834731049943;-9.322320693172514e-08;-4000.0;3999.999999906777
0.7560000000000006;2448135590.0;2422540283.0;-80995.0;3988.55160508014;3957.725619327033;27.343200752943176;9.322320693172514e-08;416.6666666666667;-416.6666665734435
0.7600000000000006;2464089797.0;2438162842.0;250653.0;3988.551605080015;3911.901721262308;87.42796281760229;-3.115019353572279e-08;-916.6666666666666;916.6666666355164
0.7640000000000006;2480044005.0;2454104004.0;263698.0;3988.5516050798915;3990.334958862122;9.555660217954483;-3.092281986027956e-08;-4083.3333333333335;4083.3333333024107
0.7680000000000006;2495998212.0;2470314331.0;7578.0;3988.551605080015;4043.397978033114;-54.520518953146166;3.092281986027956e-08;4666.666666666667;-4666.666666635744
0.7720000000000006;2511952419.0;2486651001.0;-374884.0;3988.5516050796423;4063.7515102839116;-91.31991720396081;-9.322320693172514e-08;12166.666666666666;-12166.66666675989
0.7760000000000006;2527906626.0;2502592163.0;-361839.0;3988.5516050798915;3980.043383661894;-7.05085558202245;6.230038707144558e-08;7916.666666666667;-7916.666666604367
0.7800000000000006;2543860833.0;2518374023.0;-189492.0;3988.55160508014;3937.771085754164;42.63236332557972;6.207301339600235e-08;-5500.0;5500.000000062073
0.7840000000000006;2559815040.0;2534436035.0;-297297.0;3988.551605080015;4025.7351168834252;-49.967282803441776;-3.115019353572279e-08;-9166.666666666666;9166.666666635516
0.7880000000000006;2575769248.0;2550684814.0;-591869.0;3988.551605080015;4061.0385204985405;-97.93728241844519;0.0;1250.0;-1250.0
0.7920000000000006;2591723455.0;2566796265.0;-749113.0;3988.5516050795186;4010.0374021151683;-53.6976560351668;-1.241460267920047e-07;7833.333333333333;-7833.333333457479
0.7960000000000006;2607677662.0;2582501221.0;-499861.0;3988.551605080015;3926.9064534274453;40.151128652384614;1.241460267920047e-07;333.3333333333333;-333.3333332091873
0.8000000000000006;2623631869.0;2598134766.0;-179199.0;3988.551605080015;3909.479300811734;71.366747267974;0.0;-11166.666666666666;11166.666666666666
0.8040000000000006;2639586076.0;2613999023.0;-89249.0;3988.55160508014;3971.257041883208;13.456856196799436;3.115019353572279e-08;-10750.0;10750.00000003115
0.8080000000000006;2655540284.0;2629736938.0;127043.0;3988.5516050795186;3931.064992663734;62.94946141631317;-1.552962203277275e-07;-583.3333333333334;583.3333331780372
0.8120000000000006;2671494491.0;2645183716.0;634472.0;3988.5516050798915;3861.1949599806967;154.63894109920238;9.322320693172514e-08;-1583.3333333333333;1583.3333334265565
0.8160000000000006;2687448698.0;2660619507.0;1152889.0;3988.551605080015;3886.501786528753;151.6240455509119;3.092281986027956e-08;-6916.666666666667;6916.66666669759
0.8200000000000006;2703402905.0;2676599121.0;1127482.0;3988.551605080015;4006.7655572524554;30.267773827494693;0.0;-3000.0;3000.0
0.8240000000000006;2719357112.0;2693018188.0;662622.0;3988.551605080015;4110.789261738709;-93.74491065869734;0.0;13416.666666666666;-13416.666666666666
0.8280000000000006;2735311319.0;2709448242.0;186775.0;3988.55160508014;4088.916889125036;-92.33395904503323;3.115019353572279e-08;23583.333333333332;-23583.33333330218
0.8320000000000006;2751265527.0;2725455322.0;133902.0;3988.551605079767;4009.5498895224705;-15.240498442415173;-9.322320693172514e-08;9666.666666666666;-9666.66666675989
0.8360000000000006;2767219734.0;2741237183.0;306248.0;3988.55160508014;3954.231242294369;47.48902678561717;9.322320693172514e-08;-7000.0;7000.000000093223
0.8400000000000006;2783173941.0;2757381592.0;116047.0;3988.5516050796423;4034.5027140420734;-40.96108796214503;-1.2437340046744794e-07;-11833.333333333334;11833.33333320896
0.8440000000000006;2799128148.0;2773476563.0;-24717.0;3988.551605080015;4020.3786824730782;-32.88990839316102;9.322320693172514e-08;-250.0;250.0000000932232
0.8480000000000006;2815082355.0;2789478149.0;-72096.0;3988.5516050798915;3994.077318006275;-8.62584092647603;-3.092281986027956e-08;3416.6666666666665;-3416.6666666975893
0.8520000000000006;2831036562.0;2805281982.0;78278.0;3988.551605080015;3972.3546897102315;19.562869369731743;3.092281986027956e-08;-2000.0;2000.0000000309228
0.8560000000000006;2846990770.0;2821305542.0;8925.0;3988.55160508014;4003.679167857077;-14.743787777142643;3.115019353572279e-08;-4416.666666666667;4416.666666697817
0.8600000000000007;2862944977.0;2837455444.0;-186770.0;3988.551605079767;4049.2393837762847;-68.71888869621534;-9.322320693172514e-08;166.66666666666666;-166.66666675988986
0.8640000000000007;2878899184.0;2853489990.0;-267108.0;3988.551605079767;3996.6033959664705;-19.53743488647524;0.0;6583.333333333333;-6583.333333333333
0.8680000000000007;2894853391.0;2869326782.0;-149693.0;3988.551605080015;3966.2873154621275;15.827490617655258;6.207301339600235e-08;-1333.3333333333333;1333.3333333954063
0.8720000000000007;2910807598.0;2885218506.0;-87210.0;3988.5516050798915;3984.07514989117;0.7264251886876991;-3.092281986027956e-08;-4166.666666666667;4166.666666635744
0.8760000000000007;2926761806.0;2901384888.0;-299385.0;3988.551605080015;4041.2715225562642;-65.59347247630467;3.092281986027956e-08;-2750.0;2750.000000030923
0.8800000000000007;2942716013.0;2917479858.0;-440148.0;3988.551605080015;4015.041718546793;-45.41647746683702;0.0;6000.0;-6000.0
0.8840000000000007;2958670220.0;2933267212.0;-273294.0;3988.5516050796423;3939.54197568094;37.25798739904894;-9.322320693172514e-08;1916.6666666666667;-1916.66666675989
0.8880000000000007;2974624427.0;2948873291.0;74834.0;3988.551605080015;3904.472951073343;87.29651600651414;9.322320693172514e-08;-7750.0;7750.000000093223
0.8920000000000007;2990578634.0;2964754028.0;148304.0;3988.551605080015;3981.8419802097474;13.086696870052037;0.0;-9666.666666666666;9666.666666666666
0.8960000000000007;3006532841.0;2981096191.0;-239652.0;3988.551605080015;4081.4263937441856;-103.17982466418152;0.0;4000.0;-4000.0
0.9000000000000007;3022487049.0;2997377930.0;-567184.0;3988.551605080015;4068.2700471774565;-104.10735409745621;0.0;14166.666666666666;-14166.666666666666
0.9040000000000007;3038441256.0;3013170776.0;-405823.0;3988.5516050798915;3941.313252735036;29.78796334499657;-3.092281986027956e-08;7333.333333333333;-7333.333333364256
0.9080000000000007;3054395463.0;3028991089.0;-271928.0;3988.5516050798915;3964.3096840327103;12.54901704726899;0.0;-8250.0;8250.0
0.9120000000000007;3070349670.0;3045047607.0;-374239.0;3988.551605079767;4018.8598489101623;-46.40052083028013;-3.115019353572279e-08;-8416.666666666666;8416.666666635516
0.9160000000000007;3086303877.0;3061373291.0;-745716.0;3988.551605080015;4069.7537163417282;-113.26789926187121;6.207301339600235e-08;3416.6666666666665;-3416.6666666045935
0.9200000000000007;3102258084.0;3077347412.0;-765630.0;3988.551605080015;3995.2507812556923;-39.621266175824076;0.0;8416.666666666666;-8416.666666666666
0.9240000000000007;3118212292.0;3093107300.0;-571311.0;3988.551605080015;3928.92238400555;35.06284807445218;0.0;-1083.3333333333333;1083.3333333333333
0.9280000000000007;3134166499.0;3108955078.0;-464882.0;3988.5516050795186;3985.5218682770246;-16.960189197039654;-1.241460267920047e-07;-10583.333333333334;10583.333333209188
0.9320000000000007;3150120706.0;3124923706.0;-479302.0;3988.55160508014;3974.9800638163574;-7.0384447365345295;1.552962203277275e-07;-3250.0;3250.000000155296
0.9360000000000007;3166074913.0;3140700073.0;-301462.0;3988.551605080015;3928.825758857304;46.762980222477836;-3.115019353572279e-08;-250.0;249.9999999688498
0.9400000000000007;3182029120.0;3155844727.0;508091.0;3988.5516050798915;3785.132814869402;225.26670321069196;-3.092281986027956e-08;-5250.0;5249.999999969077
0.9440000000000007;3197983328.0;3171176147.0;1130878.0;3988.551605080015;3841.3071027897167;195.87225629023806;3.092281986027956e-08;-17333.333333333332;17333.333333364255
0.9480000000000007;3213937535.0;3186914063.0;1347169.0;3988.551605080015;3947.9090360228884;98.57083605705793;0.0;-7333.333333333333;7333.333333333333
0.9520000000000007;3229891742.0;3203311157.0;904283.0;3988.551605080015;4082.2322061708815;-54.7964320908427;0.0;13916.666666666666;-13916.666666666666
0.9560000000000007;3245845949.0;3219559937.0;609710.0;3988.5516050795186;4063.564039468743;-48.794904388744726;-1.241460267920047e-07;24166.666666666668;-24166.666666790814
0.9600000000000007;3261800156.0;3235588989.0;534865.0;3988.55160508014;4000.3553991969657;11.195400882869762;1.552962203277275e-07;13416.666666666666;-13416.66666651137
0.9640000000000007;3277754363.0;3251694946.0;383115.0;3988.551605080015;4044.6865549584945;-39.661004878727;-3.115019353572279e-08;-2916.6666666666665;2916.6666666355163
0.9680000000000007;3293708571.0;3267987671.0;44597.0;3988.5516050798915;4074.9457569223064;-84.47648084223147;-3.092281986027956e-08;-1583.3333333333333;1583.3333333024104
0.9720000000000008;3309662778.0;3284126587.0;-140112.0;3988.5516050796423;4037.95510570365;-55.42831662367735;-6.230038707144558e-08;1083.3333333333333;-1083.3333333956336
0.9760000000000008;3325616985.0;3299908447.0;32236.0;3988.551605080015;3951.407403119214;38.530349960549756;9.322320693172514e-08;-583.3333333333334;583.3333334265566
0.9800000000000008;3341571192.0;3315805664.0;89226.0;3988.5516050798915;3982.866163706152;9.522159373638715;-3.092281986027956e-08;-9083.333333333334;9083.333333302411
0.9840000000000008;3357525399.0;3331972046.0;-122949.0;3988.551605080015;4052.1723998955545;-68.9076018156311;3.092281986027956e-08;-4083.3333333333335;4083.3333333642563
0.9880000000000008;3373479607.0;3348149414.0;-346110.0;3988.55160508014;4033.931753098309;-60.262878018368156;3.115019353572279e-08;5583.333333333333;-5583.333333302183
0.9920000000000008;3389433814.0;3363997192.0;-239681.0;3988.551605080015;3954.6754122741672;23.56990980587716;-3.115019353572279e-08;4333.333333333333;-4333.333333364483
0.9960000000000008;3405388021.0;3379658203.0;53516.0;3988.5516050798915;3922.8082017318607;68.04459134824947;-3.092281986027956e-08;-6333.333333333333;6333.33333330241
1.0000000000000007;3421342228.0;3395593872.0;72054.0;3988.5516050796423;3990.170524582112;1.479402497862793;-6.230038707144558e-08;-9500.0;9499.9999999377
1.0040000000000007;3437296435.0;3411947021.0;-326888.0;3988.551605080015;4089.4331495538113;-114.93772847401078;9.322320693172514e-08;2833.3333333333335;-2833.3333332401103
1.0080000000000007;3453250642.0;3428118896.0;-544556.0;3988.55160508014;4029.467379487861;-64.33168240807345;3.115019353572279e-08;12833.333333333334;-12833.333333302184
1.0120000000000007;3469204850.0;3443829346.0;-300799.0;3988.5516050798915;3919.0375031590816;56.57974492096719;-6.207301339600235e-08;3333.3333333333335;-3333.3333333954065
1.0160000000000007;3485159057.0;3459309082.0;173672.0;3988.551605079767;3882.3940616680943;113.62543941196145;-3.115019353572279e-08;-12916.666666666666;12916.666666635516
1.0200000000000007;3501113264.0;3475343628.0;93334.0;3988.551605079767;4006.0071585685573;-13.442191488721164;0.0;-12000.0;12000.0
1.0240000000000007;3517067471.0;3491548462.0;-157293.0;3988.551605080015;4060.937747817887;-79.14974173812243;6.207301339600235e-08;3750.0;-3749.999999937927
1.0280000000000007;3533021678.0;3507648926.0;-303550.0;3988.551605080015;4008.9987878349143;-33.49983275505656;0.0;14500.0;-14500.0
1.0320000000000007;3548975885.0;3523408813.0;-109230.0;3988.5516050798915;3954.944956689736;28.90975839026669;-3.092281986027956e-08;2083.3333333333335;-2083.3333333642563
1.0360000000000007;3564930093.0;3539223633.0;30157.0;3988.5516050798915;3958.970630034253;30.877726045720465;0.0;-6416.666666666667;6416.666666666667
1.0400000000000007;3580884300.0;3555411987.0;-203990.0;3988.5516050802644;4057.14071595921;-77.36068087933882;9.322320693172514e-08;-5583.333333333333;5583.333333426556
1.0440000000000007;3596838507.0;3571594849.0;-432644.0;3988.5516050795186;4044.168851839064;-74.22093875901874;-1.864464138634503e-07;8000.0;-8000.000000186446
1.0480000000000007;3612792714.0;3587596436.0;-480024.0;3988.55160508014;3989.4518784718925;-21.541305391946935;1.552962203277275e-07;6333.333333333333;-6333.333333178037
1.0520000000000007;3628746921.0;3603433228.0;-362609.0;3988.5516050798915;3970.3670774423126;2.5923406374654405;-6.207301339600235e-08;-1833.3333333333333;1833.3333332712602
1.0560000000000007;3644701129.0;3619434814.0;-409988.0;3988.5516050798915;4001.2447894132606;-30.32266833322865;0.0;-6666.666666666667;6666.666666666667
1.0600000000000007;3660655336.0;3635513306.0;-534273.0;3988.5516050802644;4008.7548756392507;-43.17700955935743;9.322320693172514e-08;-916.6666666666666;916.6666667598898
1.0640000000000007;3676609543.0;3651333618.0;-400377.0;3988.551605079767;3939.254527329588;32.080866750417044;-1.2437340046744794e-07;2500.0;-2500.0000001243734
1.0680000000000007;3692563750.0;3666730957.0;156491.0;3988.5516050798915;3850.177479627235;145.10323845281437;3.115019353572279e-08;-7500.0;7500.00000003115
1.0720000000000007;3708517957.0;3682018433.0;823222.0;3988.5516050798915;3833.1735115447286;190.77663953507817;0.0;-15833.333333333334;15833.333333333334
1.0760000000000007;3724472164.0;3697855225.0;940637.0;3988.5516050798915;3953.618895817388;75.3801002624773;0.0;-8916.666666666666;8916.666666666666
1.0800000000000007;3740426372.0;3713829346.0;920723.0;3988.5516050798915;3989.051147635013;39.091546444883534;0.0;7750.0;-7750.0
1.0840000000000007;3756380579.0;3729808960.0;895316.0;3988.55160508014;3984.092548806038;42.95764427385484;6.207301339600235e-08;14416.666666666666;-14416.666666604593
1.0880000000000007;3772334786.0;3745838013.0;820471.0;3988.5516050798915;4023.6245565145464;0.20730156541503675;-6.207301339600235e-08;7750.0;-7750.000000062073
1.0920000000000007;3788288993.0;3762185669.0;427022.0;3988.5516050795186;4090.0595182911866;-83.14596721116277;-9.322320693172514e-08;5916.666666666667;-5916.66666675989
1.0960000000000008;3804243200.0;3778637695.0;-70797.0;3988.5516050802644;4103.014931585178;-117.50759750544694;1.864464138634503e-07;9083.333333333334;-9083.333333146888
1.1000000000000008;3820197408.0;3794672241.0;-151136.0;3988.5516050798915;3994.1550632203075;-12.102306140496239;-9.322320693172514e-08;7166.666666666667;-7166.66666675989
1.1040000000000008;3836151615.0;3810382690.0;92622.0;3988.55160508014;3920.537656878354;71.99669420175405;6.207301339600235e-08;-7833.333333333333;7833.333333395406
1.1080000000000008;3852105822.0;3826170044.0;259476.0;3988.5516050798915;3961.8829557463414;37.82611733362819;-6.207301339600235e-08;-15666.666666666666;15666.666666604593
1.1120000000000008;3868060029.0;3842407837.0;-24110.0;3988.5516050795186;4053.9703241944185;-66.4554491143399;-9.322320693172514e-08;-5000.0;4999.999999906777
1.1160000000000008;3884014236.0;3858601685.0;-263751.0;3988.5516050802644;4036.5932795325184;-59.3829674527683;1.864464138634503e-07;8500.0;-8499.999999813554
1.1200000000000008;3899968443.0;3874405518.0;-113377.0;3988.5516050798915;3940.3401123423296;43.336281737465015;-9.322320693172514e-08;7000.0;-7000.000000093223
1.1240000000000008;3915922651.0;3890061035.0;185313.0;3988.5516050798915;3925.513605124891;71.0064589552303;0.0;-7916.666666666667;7916.666666666667
1.1280000000000008;3931876858.0;3906018677.0;181878.0;3988.55160508014;4003.653811178727;-7.281452098838145;6.207301339600235e-08;-9916.666666666666;9916.666666728739
1.1320000000000008;3947831065.0;3922410278.0;-255515.0;3988.5516050798915;4083.152908235535;-105.58844815558086;-6.207301339600235e-08;4583.333333333333;-4583.333333395406
1.1360000000000008;3963785272.0;3938615112.0;-506142.0;3988.5516050798915;4037.272360774545;-70.48486169451644;0.0;13833.333333333334;-13833.333333333334
1.1400000000000008;3979739479.0;3954342041.0;-278864.0;3988.5516050798915;3923.8436300748344;52.71682300501925;0.0;4000.0;-4000.0
1.1440000000000008;3995693686.0;3969997559.0;19825.0;3988.5516050798915;3915.9122105443853;73.49186953548588;0.0;-12500.0;12500.0
1.1480000000000008;4011647894.0;3985938721.0;32870.0;3988.5516050798915;3995.7107234165837;-5.74570833669577;0.0;-11583.333333333334;11583.333333333334
1.1520000000000008;4027602101.0;4002061157.0;-135359.0;3988.55160508014;4017.951566481538;-35.220398401665534;6.207301339600235e-08;2666.6666666666665;-2666.6666666045935
1.1560000000000008;4043556308.0;4018002319.0;-122313.0;3988.5516050798915;3999.3762811678125;-16.084135087792674;-6.207301339600235e-08;7166.666666666667;-7166.66666672874
1.1600000000000008;4059510515.0;4033833618.0;595.0;3988.5516050798915;3958.8124477586784;29.764742321370704;0.0;3083.3333333333335;-3083.3333333333335
1.1640000000000008;4075464722.0;4050027466.0;-239046.0;3988.5516050798915;4051.2519181313405;-72.97929105144931;0.0;-2416.6666666666665;2416.6666666666665
1.1680000000000008;4091418930.0;4066155396.0;-412769.0;3988.551605079767;4024.9828792180474;-54.180341138156564;-3.115019353572279e-08;4750.0;-4750.00000003115
1.1720000000000008;4107373137.0;4082222900.0;-526066.0;3988.5516050798915;4006.8405503549875;-40.9097832751313;3.115019353572279e-08;3750.0;-3749.99999996885
1.1760000000000008;4123327344.0;4097955322.0;-304280.0;3988.5516050802644;3948.886031324476;26.58153375534448;9.322320693172514e-08;-2500.0;2500.000000093223
1.1800000000000008;4139281551.0;4114072266.0;-467017.0;3988.5516050798915;4032.1603697192836;-63.690495639254095;-9.322320693172514e-08;-5916.666666666667;5916.666666573444
1.1840000000000008;4155235758.0;4130332031.0;-772575.0;3988.5516050798915;4075.813597443886;-120.48271736377501;0.0;1666.6666666666667;-1666.6666666666667
1.1880000000000008;4171189965.0;4146437988.0;-924325.0;3988.551605079767;4003.6911623127276;-54.88553223281269;-3.115019353572279e-08;8666.666666666666;-8666.666666697816
1.1920000000000008;4187144173.0;4162142944.0;-675074.0;3988.5516050798915;3928.135461971991;31.387961107865976;3.115019353572279e-08;-1416.6666666666667;1416.666666697817
1.1960000000000008;4203098380.0;4177452393.0;-30316.0;3988.5516050802644;3820.9114879592416;166.33652912057005;9.322320693172514e-08;-13583.333333333334;13583.333333426557
1.2000000000000008;4219052587.0;4192937622.0;438663.0;3988.5516050798915;3876.536016719071;130.87809736099007;-9.322320693172514e-08;-19583.333333333332;19583.33333324011
1.2040000000000008;4235006794.0;4208587646.0;742846.0;3988.5516050798915;3913.105229349822;107.38875373029396;0.0;-5583.333333333333;5583.333333333333
1.2080000000000009;4250961001.0;4224429932.0;854767.0;3988.55160508014;3949.5283540987766;75.77823198110264;6.207301339600235e-08;5000.0;-4999.999999937927
1.2120000000000009;4266915209.0;4240107422.0;1131484.0;3988.5516050798915;3928.9485850130113;108.25683206697249;-6.207301339600235e-08;8416.666666666666;-8416.666666728739
1.2160000000000009;4282869416.0;4256098022.0;1095091.0;3988.5516050795186;3998.4515823952183;37.18893568482781;-9.322320693172514e-08;4916.666666666667;-4916.66666675989
1.2200000000000009;4298823623.0;4272517090.0;630231.0;3988.5516050802644;4112.111346421607;-96.45980834184866;1.864464138634503e-07;9000.0;-8999.999999813554
1.2240000000000009;4314777830.0;4289018555.0;82973.0;3988.5516050798915;4117.888818473324;-125.76937439353242;-9.322320693172514e-08;16083.333333333334;-16083.333333426557
1.2280000000000009;4330732037.0;4305124512.0;-68777.0;3988.55160508014;4021.617813350663;-36.023619270571544;6.207301339600235e-08;10250.0;-10249.999999937927
1.2320000000000009;4346686244.0;4320884399.0;125543.0;3988.5516050798915;3951.957101704892;41.992852375096845;-6.207301339600235e-08;-6333.333333333333;6333.33333327126
1.2360000000000009;4362640452.0;4336798096.0;166053.0;3988.5516050798915;4000.130456599556;-4.438572519520221;0.0;-15000.0;15000.0
1.2400000000000009;4378594659.0;4353035889.0;-117533.0;3988.55160508014;4052.583942731444;-69.08625665157979;6.207301339600235e-08;-4000.0;4000.000000062073
1.2440000000000009;4394548866.0;4369130859.0;-258295.0;3988.5516050796423;4019.061507211208;-41.616587131215056;-1.2437340046744794e-07;6166.666666666667;-6166.66666679104
1.2480000000000009;4410503073.0;4384951172.0;-124401.0;3988.551605079767;3946.252409403302;36.94995267662716;3.115019353572279e-08;3750.0;-3749.99999996885
1.252000000000001;4426457280.0;4400755005.0;25973.0;3988.5516050798915;3961.279007723868;28.389436355808357;3.115019353572279e-08;-7833.333333333333;7833.333333364483
1.256000000000001;4442411487.0;4416800537.0;-65352.0;3988.5516050802644;4007.041316660937;-21.29984758111459;9.322320693172514e-08;-4916.666666666667;4916.66666675989
1.260000000000001;4458365695.0;4432972412.0;-283020.0;3988.5516050795186;4046.3252793012784;-69.94353422124277;-1.864464138634503e-07;2583.3333333333335;-2583.33333351978
1.264000000000001;4474319902.0;4448941040.0;-297441.0;3988.5516050805127;3986.3510174312814;-10.589375351316903;2.4851942725945264e-07;7666.666666666667;-7666.6666664181475
1.268000000000001;4490274109.0;4464849243.0;-251436.0;3988.5516050795186;3981.4904001084865;-3.750543028600532;-2.4851942725945264e-07;-1333.3333333333333;1333.3333330848138
1.272000000000001;4506228316.0;4480757446.0;-205432.0;3988.5516050795186;3976.024123382352;3.6939056977316795;0.0;-3500.0;3500.0
1.276000000000001;4522182523.0;4496901855.0;-395634.0;3988.5516050805127;4028.959450772893;-57.420107693392765;2.4851942725945264e-07;-2000.0;2000.0000002485194
1.280000000000001;4538136731.0;4512716675.0;-256247.0;3988.5516050795186;3961.784530331761;15.748453748146858;-2.4851942725945264e-07;1916.6666666666667;-1916.6666669151862
1.284000000000001;4554090938.0;4528416138.0;-1503.0;3988.551605080762;3913.7074686741794;74.7795074059145;3.108198143308982e-07;-3166.6666666666665;3166.6666669774863
1.288000000000001;4570045145.0;4544225464.0;143379.0;3988.5516050795186;3977.6415713721926;17.075330707798003;-3.108198143308982e-07;-7333.333333333333;7333.333333022513
1.292000000000001;4585999352.0;4560479736.0;-156686.0;3988.5516050795186;4048.0562453127504;-66.24213823251603;0.0;2666.6666666666665;-2666.6666666666665
1.296000000000001;4601953559.0;4576750488.0;-473231.0;3988.5516050802644;4070.53559577867;-102.33292369913943;1.864464138634503e-07;9750.0;-9749.999999813554
1.300000000000001;4617907766.0;4592504883.0;-273419.0;3988.551605079767;3923.0145783769935;53.78000970282392;-1.2437340046744794e-07;8583.333333333334;-8583.333333457707
1.304000000000001;4633861974.0;4608259277.0;-73606.0;3988.5516050802644;3951.42980912159;33.9567379584646;1.2437340046744794e-07;-9416.666666666666;9416.66666679104
1.308000000000001;4649816181.0;4624249878.0;-110000.0;3988.551605079767;4012.7943572638223;-28.972752183883586;-1.2437340046744794e-07;-7833.333333333333;7833.33333320896
1.312000000000001;4665770388.0;4640701904.0;-607818.0;3988.5516050795186;4108.713328030426;-146.29789695035788;-6.207301339600235e-08;3500.0;-3500.000000062073
1.316000000000001;4681724595.0;4656835327.0;-787034.0;3988.5516050802644;4019.0452014475836;-64.33605836794186;1.864464138634503e-07;14500.0;-14499.999999813554
1.320000000000001;4697678802.0;4672611694.0;-609194.0;3988.5516050805127;3934.5111179162673;27.845145163550114;6.207301339600235e-08;1583.3333333333333;-1583.3333332712602
1.324000000000001;4713633009.0;4688195801.0;-239094.0;3988.5516050795186;3912.359054786511;65.91150829385333;-2.4851942725945264e-07;-13333.333333333334;13333.333333084815
1.328000000000001;4729587217.0;4703988647.0;-77733.0;3988.5516050795186;3937.3116318466887;47.897454233359895;0.0;-13000.0;13000.0
1.332000000000001;4745541424.0;4719644165.0;220956.0;3988.5516050805127;3909.9095045082386;88.14320857130087;2.4851942725945264e-07;-4416.666666666667;4416.666666915186
1.336000000000001;4761495631.0;4735052490.0;766839.0;3988.551605079767;3857.4391613761636;164.08652070374683;-1.864464138634503e-07;-1916.6666666666667;1916.6666664802203
1.340000000000001;4777449838.0;4750504761.0;1268775.0;3988.5516050795186;3876.029376092527;167.07955398771264;-6.207301339600235e-08;-7083.333333333333;7083.33333327126
1.344000000000001;4793404045.0;4766451416.0;1276327.0;3988.5516050805127;3996.267636974726;47.1660291049584;2.4851942725945264e-07;-833.3333333333334;833.3333335818528
1.348000000000001;4809358253.0;4782881470.0;800480.0;3988.5516050795186;4107.825090819668;-84.85284573977378;-2.4851942725945264e-07;14666.666666666666;-14666.666666915185
1.352000000000001;4825312460.0;4799349976.0;286181.0;3988.5516050802644;4109.144597018089;-108.2872089379639;1.864464138634503e-07;22833.333333333332;-22833.333333146886
1.356000000000001;4841266667.0;4815439453.0;150912.0;3988.551605079767;4015.3947829540484;-20.353961874212928;-1.2437340046744794e-07;12583.333333333334;-12583.333333457707
1.360000000000001;4857220874.0;4831512451.0;32121.0;3988.551605079767;4018.191482135419;-28.258674055351094;0.0;-3583.3333333333335;3583.3333333333335
1.364000000000001;4873175081.0;4847623901.0;-125122.0;3988.5516050802644;4035.404927831918;-52.23356875217496;1.2437340046744794e-07;-8666.666666666666;8666.66666679104
1.368000000000001;4889129288.0;4863773804.0;-320818.0;3988.5516050795186;4021.72031961827;-46.96388853833241;-1.864464138634503e-07;-2250.0;2249.9999998135536
1.372000000000001;4905083496.0;4879654541.0;-247348.0;3988.5516050802644;3967.7854741516153;10.13016692832025;1.864464138634503e-07;-1083.3333333333333;1083.3333335197797
1.376000000000001;4921037703.0;4895359497.0;1903.0;3988.5516050795186;3929.9061862836666;58.727247796158736;-1.864464138634503e-07;-6000.0;5999.999999813554
1.380000000000001;4936991910.0;4911300659.0;14949.0;3988.5516050805127;3997.5365224870743;-8.342110407097152;2.4851942725945264e-07;-8500.0;8500.00000024852
1.384000000000001;4952946117.0;4927395630.0;-125815.0;3988.551605080015;4014.2930523622967;-31.151492282379877;-1.2437340046744794e-07;1583.3333333333333;-1583.3333334577067
1.388000000000001;4968900324.0;4943380737.0;-156715.0;3988.551605080015;3974.8549161791393;6.957943901174531;0.0;6166.666666666667;-6166.666666666667
1.392000000000001;4984854532.0;4959124146.0;54083.0;3988.551605079767;3939.5324361958096;51.34473788419564;-6.207301339600235e-08;833.3333333333334;-833.3333333954064
1.396000000000001;5000808739.0;4975054321.0;78115.0;3988.5516050795186;3979.504607666809;12.405942413129196;-6.207301339600235e-08;-5083.333333333333;5083.33333327126
1.400000000000001;5016762946.0;4991363525.0;-276881.0;3988.5516050805127;4077.7360053793527;-101.09028329970215;2.4851942725945264e-07;666.6666666666666;-666.6666664181472
1.404000000000001;5032717153.0;5007551880.0;-511029.0;3988.5516050795186;4030.436012351122;-63.858654271203704;-2.4851942725945264e-07;10250.0;-10250.00000024852
1.408000000000001;5048671360.0;5023388672.0;-393614.0;3988.551605079767;3951.8383992085196;19.787803871604865;6.207301339600235e-08;3583.3333333333335;-3583.3333332712605
1.412000000000001;5064625567.0;5038912354.0;36911.0;3988.5516050802644;3891.096226528626;99.0425515509919;1.2437340046744794e-07;-9916.666666666666;9916.66666679104
1.416000000000001;5080579775.0;5054815063.0;88409.0;3988.5516050795186;3983.0847953926364;9.268396687306904;-1.864464138634503e-07;-12916.666666666666;12916.66666648022
1.420000000000001;5096533982.0;5071151733.0;-294054.0;3988.5516050805127;4089.2972800056527;-113.38999692573088;2.4851942725945264e-07;2500.0;-2499.9999997514806
1.424000000000001;5112488189.0;5087307129.0;-495242.0;3988.5516050795186;4027.6060699752943;-60.34987089537981;-2.4851942725945264e-07;14166.666666666666;-14166.666666915185
1.428000000000001;5128442396.0;5103121948.0;-355854.0;3988.5516050795186;3953.0270762854593;20.2228067946603;0.0;5750.0;-5750.0
1.432000000000001;5144396603.0;5118706055.0;14246.0;3988.551605080762;3905.761126201622;83.40305687787122;3.108198143308982e-07;-9416.666666666666;9416.666666977486
1.436000000000001;5160350810.0;5134768066.0;-93558.0;3988.5516050795186;4015.411973880321;-30.883362800333998;-3.108198143308982e-07;-10583.333333333334;10583.333333022514
1.440000000000001;5176305018.0;5151027832.0;-399117.0;3988.551605080015;4070.5924897757436;-99.20291569553274;1.241460267920047e-07;4250.0;-4249.999999875854
1.444000000000001;5192259225.0;5167221680.0;-638758.0;3988.551605080015;4030.217631472431;-69.13262039268557;0.0;13000.0;-13000.0
1.448000000000001;5208213432.0;5183102417.0;-565287.0;3988.5516050802644;3982.313136397086;-18.068872317065143;6.230038707144558e-08;3666.6666666666665;-3666.666666604366
1.452000000000001;5224167639.0;5199038086.0;-546749.0;3988.5516050795186;3984.754966871843;-19.713568791711623;-1.864464138634503e-07;-5416.666666666667;5416.666666480221
1.456000000000001;5240121846.0;5214973755.0;-528211.0;3988.551605079767;3992.682822030824;-26.84428995091548;6.207301339600235e-08;-7750.0;7750.000000062073
1.460000000000001;5256076054.0;5230596313.0;-196562.0;3988.5516050802644;3886.933667414442;93.16577166517936;1.2437340046744794e-07;-2583.3333333333335;2583.333333457707
1.464000000000001;5272030261.0;5245779419.0;574539.0;3988.5516050795186;3812.9688492462824;200.2879328336753;-1.864464138634503e-07;-12333.333333333334;12333.333333146888
1.468000000000001;5287984468.0;5261132813.0;1175353.0;3988.5516050805127;3845.168131924674;193.92365215526524;2.4851942725945264e-07;-13750.0;13750.00000024852
1.472000000000001;5303938675.0;5277139893.0;1122480.0;3988.5516050795186;4002.6691447720827;34.14910030785313;-2.4851942725945264e-07;-3916.6666666666665;3916.666666418147
1.476000000000001;5319892882.0;5293416138.0;800442.0;3988.5516050802644;4067.5609695300795;-44.59035844999289;1.864464138634503e-07;18000.0;-17999.999999813554
1.480000000000001;5335847089.0;5309549561.0;621226.0;3988.551605079767;4023.8477447856517;-8.583421705848195;-1.2437340046744794e-07;20333.333333333332;-20333.333333457704
1.484000000000001;5351801297.0;5325507202.0;617792.0;3988.5516050795186;4000.090453635812;15.026207444274405;-6.207301339600235e-08;7000.0;-7000.000000062073
1.488000000000001;5367755504.0;5341772461.0;306740.0;3988.5516050802644;4074.3120777635463;-72.57065268386941;1.864464138634503e-07;-1750.0;1750.0000001864464
1.492000000000001;5383709711.0;5358175049.0;-141640.0;3988.551605080015;4100.8204590699825;-118.3593739902085;-6.230038707144558e-08;2416.6666666666665;-2416.666666728967
1.496000000000001;5399663918.0;5374352417.0;-364801.0;3988.5516050795186;4036.8687998464407;-64.00363776632366;-1.241460267920047e-07;6750.0;-6750.000000124146
1.500000000000001;5415618125.0;5390112305.0;-170482.0;3988.5516050805127;3947.2489402711767;33.9719388086055;2.4851942725945264e-07;-3166.6666666666665;3166.666666915186
1.5040000000000011;5431572333.0;5405850220.0;45810.0;3988.5516050795186;3946.5909617058264;43.9304733741028;-2.4851942725945264e-07;-13416.666666666666;13416.666666418147
1.5080000000000011;5447526540.0;5421917725.0;-67488.0;3988.5516050802644;4026.8320581775083;-41.18243709744502;1.864464138634503e-07;-9000.0;9000.000000186446
1.5120000000000011;5463480747.0;5438144531.0;-340086.0;3988.551605079767;4044.0591587984527;-70.13125171861338;-1.2437340046744794e-07;5416.666666666667;-5416.66666679104
1.5160000000000011;5479434954.0;5453942871.0;-184219.0;3988.5516050795186;3946.867956290983;33.762231789085035;-6.207301339600235e-08;6416.666666666667;-6416.66666672874
1.5200000000000011;5495389161.0;5469598389.0;114470.0;3988.5516050802644;3910.7337331463136;82.74008193331883;1.864464138634503e-07;-3833.3333333333335;3833.33333351978
1.5240000000000011;5511343368.0;5485468140.0;198926.0;3988.5516050805127;3990.3557339115778;6.749689168221721;6.207301339600235e-08;-10916.666666666666;10916.666666728739
1.5280000000000011;5527297576.0;5501771851.0;-150578.0;3988.5516050795186;4064.344362907723;-82.26761182733253;-2.4851942725945264e-07;2916.6666666666665;-2916.666666915186
1.5320000000000011;5543251783.0;5518075562.0;-500082.0;3988.5516050795186;4076.549095288128;-109.50101620806072;0.0;12166.666666666666;-12166.666666666666
1.5360000000000011;5559205990.0;5533851929.0;-322241.0;3988.5516050805127;3933.722686647121;40.97255543241636;2.4851942725945264e-07;8416.666666666666;-8416.666666418147
1.5400000000000011;5575160197.0;5549595337.0;-111442.0;3988.551605079767;3957.3001981474868;26.459400932411427;-1.864464138634503e-07;-10333.333333333334;10333.333333146888
1.5440000000000011;5591114404.0;5565552979.0;-114877.0;3988.551605080015;3996.0226957223936;-12.4108016422324;6.207301339600235e-08;-8666.666666666666;8666.666666728739
1.5480000000000012;5607068611.0;5581829224.0;-436915.0;3988.551605080015;4069.1279491842315;-99.36368910437068;0.0;666.6666666666666;-666.6666666666666
1.5520000000000012;5623022819.0;5597748413.0;-401897.0;3988.5516050795186;3975.6136576580593;-4.343623578079132;-1.241460267920047e-07;10000.0;-10000.000000124146
1.5560000000000012;5638977026.0;5613568726.0;-268003.0;3988.5516050802644;3950.5880081179066;26.439467961905393;1.864464138634503e-07;-500.0;500.0000001864464
1.5600000000000012;5654931233.0;5629345093.0;-90162.0;3988.551605079767;3958.6887226829826;25.98591639680626;-1.2437340046744794e-07;-7833.333333333333;7833.33333320896
1.5640000000000012;5670885440.0;5645396118.0;-186980.0;3988.5516050805127;3997.0864330103173;-16.57496793024984;1.864464138634503e-07;-3500.0;3500.0000001864464
1.5680000000000012;5686839647.0;5661513062.0;-349717.0;3988.5516050795186;4025.0282591633277;-51.514485083270756;-2.4851942725945264e-07;4250.0;-4250.000000248519
1.5720000000000012;5702793855.0;5677349854.0;-232302.0;3988.5516050795186;3960.8951956505516;17.66742342956104;0.0;5250.0;-5250.0
1.5760000000000012;5718748062.0;5693334961.0;-263202.0;3988.5516050802644;3997.2226640888975;-19.988745009370632;1.864464138634503e-07;-2000.0;2000.0000001864464
1.5800000000000012;5734702269.0;5709479370.0;-453403.0;3988.5516050795186;4041.4563998913804;-72.40112381154722;-1.864464138634503e-07;0.0;-1.864464138634503e-07
1.5840000000000012;5750656476.0;5725755615.0;-775441.0;3988.5516050805127;4053.538288313225;-98.3306462332871;2.4851942725945264e-07;5500.0;-5499.999999751481
1.5880000000000012;5766610683.0;5741449585.0;-515204.0;3988.551605080015;3922.010768400576;44.387064679378;-1.2437340046744794e-07;2333.3333333333335;-2333.333333457707
1.5920000000000012;5782564890.0;5756676636.0;211952.0;3988.5516050795186;3802.4147000948788;195.25084098544994;-1.241460267920047e-07;-12750.0;12749.999999875854
1.5960000000000012;5798519098.0;5771909180.0;933615.0;3988.5516050802644;3829.2698934925347;199.42715658729594;1.864464138634503e-07;-23083.333333333332;23083.33333351978
1.6000000000000012;5814473305.0;5787789917.0;1007085.0;3988.5516050795186;3969.8165907884686;62.039669291310474;-1.864464138634503e-07;-8583.333333333334;8583.333333146888
1.6040000000000012;5830427512.0;5803807983.0;943227.0;3988.5516050805127;4005.333716823209;23.776649256724795;2.4851942725945264e-07;10833.333333333334;-10833.333333084815
1.6080000000000012;5846381719.0;5819727173.0;978244.0;3988.5516050795186;3972.5308972861953;58.085199793676566;-2.4851942725945264e-07;17750.0;-17750.000000248518
1.6120000000000012;5862335926.0;5835651855.0;1007769.0;3988.551605079767;3997.2231404068248;34.662531673312515;6.207301339600235e-08;6083.333333333333;-6083.33333327126
1.6160000000000012;5878290133.0;5851994019.0;619812.0;3988.5516050802644;4101.013191636049;-85.80967055640758;1.2437340046744794e-07;3000.0;-2999.9999998756266
1.6200000000000012;5894244341.0;5868544922.0;23116.0;3988.5516050802644;4132.779245824505;-143.23365274456592;0.0;10416.666666666666;-10416.666666666666
1.6240000000000012;5910198548.0;5884832153.0;-309908.0;3988.551605079767;4064.840615740411;-89.61505466015933;-1.2437340046744794e-07;12000.0;-12000.000000124373
1.6280000000000012;5926152755.0;5900668945.0;-192492.0;3988.5516050795186;3966.881083828822;13.393365251275554;-6.207301339600235e-08;-1500.0;1499.999999937927
1.6320000000000012;5942106962.0;5916538696.0;-108036.0;3988.5516050802644;3987.0469061973317;-3.1408491176925963;1.864464138634503e-07;-14666.666666666666;14666.666666853112
1.6360000000000012;5958061169.0;5932683105.0;-298238.0;3988.551605080015;4033.6996830887833;-57.97231200897386;-6.230038707144558e-08;-8416.666666666666;8416.666666604366
1.6400000000000012;5974015377.0;5948778076.0;-439002.0;3988.5516050795186;4013.1883279897347;-43.513808909592626;-1.241460267920047e-07;2416.6666666666665;-2416.6666667908125
1.6440000000000012;5989969584.0;5964537964.0;-244683.0;3988.551605080015;3938.5978948437682;39.43234123603952;1.241460267920047e-07;2500.0;-2499.999999875854
1.6480000000000012;6005923791.0;5980133057.0;114432.0;3988.551605080015;3916.1534571874067;77.31872389230921;0.0;-8666.666666666666;8666.666666666666
1.6520000000000012;6021877998.0;5996101685.0;100011.0;3988.5516050802644;3996.44867291715;-3.5965948371590457;6.230038707144558e-08;-7833.333333333333;7833.333333395633
1.6560000000000012;6037832205.0;6012273560.0;-117657.0;3988.5516050795186;4048.309725339271;-64.81737125914697;-1.864464138634503e-07;3500.0;-3500.0000001864464
1.6600000000000013;6053786412.0;6028357544.0;-247434.0;3988.551605079767;4008.9888076351585;-31.07686455521889;6.207301339600235e-08;11500.0;-11499.999999937927
1.6640000000000013;6069740620.0;6044166870.0;-102553.0;3988.5516050802644;3961.793277245298;22.348548834297162;1.2437340046744794e-07;2583.3333333333335;-2583.33333320896
1.6680000000000013;6085694827.0;6060064087.0;-45563.0;3988.5516050795186;3976.112988241926;10.479407838040515;-1.864464138634503e-07;-4833.333333333333;4833.333333146887
1.6720000000000013;6101649034.0;6076224976.0;-252244.0;3988.5516050805127;4046.657727324255;-68.95261424432238;2.4851942725945264e-07;-3500.0;3500.0000002485194
1.6760000000000013;6117603241.0;6092374878.0;-447939.0;3988.5516050795186;4022.490734173749;-53.20050609383088;-2.4851942725945264e-07;6500.0;-6500.000000248519
1.6800000000000013;6133557448.0;6108228149.0;-347003.0;3988.5516050802644;3964.6476680831947;8.982807996864722;1.864464138634503e-07;2500.0;-2499.9999998135536
1.6840000000000013;6149511656.0;6123900146.0;-64793.0;3988.551605079767;3922.1064796818423;63.65902639794649;-1.2437340046744794e-07;-5250.0;5249.999999875627
1.6880000000000013;6165465863.0;6139879761.0;-90201.0;3988.5516050795186;4002.8554087648913;-18.182446684853858;-6.207301339600235e-08;-8916.666666666666;8916.666666604593
1.6920000000000013;6181420070.0;6155991211.0;-247443.0;3988.5516050802644;4024.0068078204877;-46.09525174088276;1.864464138634503e-07;2166.6666666666665;-2166.66666648022
1.6960000000000013;6197374277.0;6171976318.0;-278343.0;3988.551605080015;3980.0064867259375;-3.423630646183483;-6.230038707144558e-08;7000.0;-7000.0000000623
1.7000000000000013;6213328484.0;6187648315.0;3867.0;3988.551605080015;3932.403283633888;56.31460244631853;0.0;-500.0;500.0
1.7040000000000013;6229282691.0;6203633423.0;-27034.0;3988.551605080015;4000.9640086363406;-13.574865556350233;0.0;-5416.666666666667;5416.666666666667
1.7080000000000013;6245236899.0;6220140381.0;-579785.0;3988.5516050795186;4125.623272686139;-162.0024226061796;-1.241460267920047e-07;3250.0;-3250.000000124146
1.7120000000000013;6261191106.0;6236482544.0;-967741.0;3988.5516050802644;4066.3407907525;-119.40204867266812;1.864464138634503e-07;15416.666666666666;-15416.66666648022
1.7160000000000013;6277145313.0;6252396240.0;-927229.0;3988.551605079767;3973.6884804697074;-25.0077223899616;-1.2437340046744794e-07;5916.666666666667;-5916.66666679104
1.7200000000000013;6293099520.0;6267650757.0;-227539.0;3988.5516050802644;3816.0539341012127;162.71349397885206;1.2437340046744794e-07;-14083.333333333334;14083.333333457707
1.7240000000000013;6309053727.0;6283108521.0;268904.0;3988.5516050795186;3867.5424117889406;132.57206529106952;-1.864464138634503e-07;-25000.0;24999.999999813554
1.7280000000000013;6325007934.0;6298632202.0;699430.0;3988.551605079767;3892.720639819913;125.90645526002572;6.207301339600235e-08;-12833.333333333334;12833.333333395407
1.7320000000000013;6340962142.0;6314419556.0;866283.0;3988.5516050802644;3935.9721643160433;89.8296097635639;1.2437340046744794e-07;2500.0;-2499.9999998756266
1.7360000000000013;6356916349.0;6330119019.0;1121027.0;3988.5516050795186;3934.4280746873133;102.32769139266429;-1.864464138634503e-07;8500.0;-8500.000000186446
1.7400000000000013;6372870556.0;6346131592.0;1062662.0;3988.5516050805127;3999.7362056606075;34.50986541933116;2.4851942725945264e-07;8000.0;-7999.999999751481
1.7440000000000013;6388824763.0;6362473755.0;674706.0;3988.5516050795186;4087.6093159898223;-70.04535290990589;-2.4851942725945264e-07;9833.333333333334;-9833.333333581853
1.7480000000000013;6404778970.0;6378914795.0;187873.0;3988.5516050802644;4100.231892184507;-103.60174810441185;1.864464138634503e-07;15000.0;-14999.999999813554
1.7520000000000013;6420733178.0;6395064697.0;-7822.0;3988.551605080015;4029.3037675666883;-41.08850848693692;-6.230038707144558e-08;9250.0;-9250.0000000623
1.7560000000000013;6436687385.0;6411044312.0;-33230.0;3988.5516050795186;4003.5618424041013;-16.43912732391709;-1.241460267920047e-07;-3000.0;2999.999999875854
1.7600000000000013;6452641592.0;6427133789.0;-168499.0;3988.5516050802644;4025.048188460525;-43.7420403807223;1.864464138634503e-07;-8500.0;8500.000000186446
1.7640000000000013;6468595799.0;6443388062.0;-468565.0;3988.551605079767;4054.1834765442054;-85.78016646435299;-1.2437340046744794e-07;-2333.3333333333335;2333.33333320896
1.7680000000000013;6484550006.0;6459389648.0;-515944.0;3988.5516050805127;3988.022600064181;-21.65658698414154;1.864464138634503e-07;2833.3333333333335;-2833.333333146887
1.7720000000000014;6500504213.0;6474957275.0;-129364.0;3988.5516050795186;3894.2905003935284;88.69845268657082;-2.4851942725945264e-07;-5666.666666666667;5666.6666664181475
1.7760000000000014;6516458421.0;6490519409.0;262709.0;3988.5516050802644;3897.7492355116233;102.09885656848655;1.864464138634503e-07;-14166.666666666666;14166.666666853112
1.7800000000000014;6532412628.0;6506559448.0;176877.0;3988.5516050795186;4010.767655256979;-14.610339177145306;-1.864464138634503e-07;-7500.0;7499.999999813554
1.7840000000000014;6548366835.0;6522731323.0;-40790.0;3988.5516050795186;4034.4181064123886;-47.62047133238957;0.0;8250.0;-8250.0
1.7880000000000014;6564321042.0;6538672485.0;-27745.0;3988.5516050805127;3980.328970348131;7.029599731358303;2.4851942725945264e-07;11333.333333333334;-11333.333333084815
1.7920000000000014;6580275249.0;6554531250.0;67697.0;3988.551605080015;3978.549179804586;12.913396275343985;-1.2437340046744794e-07;1083.3333333333333;-1083.3333334577067
1.7960000000000014;6596229457.0;6570670166.0;-117012.0;3988.5516050795186;4037.506817902967;-53.986728822666464;-1.241460267920047e-07;-2833.3333333333335;2833.3333332091875
1.8000000000000014;6612183664.0;6587001343.0;-493982.0;3988.5516050802644;4087.881936763134;-120.57155768330995;1.864464138634503e-07;3416.6666666666665;-3416.66666648022
1.8040000000000014;6628137871.0;6603074341.0;-612772.0;3988.5516050795186;4007.791290564783;-45.58888148502729;-1.864464138634503e-07;8500.0;-8500.000000186446
1.8080000000000014;6644092078.0;6618812256.0;-396480.0;3988.5516050805127;3932.660961556699;38.842003523254334;2.4851942725945264e-07;-2666.6666666666665;2666.666666915186
1.8120000000000014;6660046285.0;6634687500.0;-317517.0;3988.5516050795186;3973.1899668177402;1.7084072621964879;-2.4851942725945264e-07;-9500.0;9499.99999975148
1.8160000000000014;6676000492.0;6650727539.0;-403349.0;3988.551605079767;4010.2771962044276;-39.06959812432069;6.207301339600235e-08;-6083.333333333333;6083.333333395406
1.8200000000000014;6691954700.0;6666723633.0;-445236.0;3988.5516050802644;3993.769259617582;-24.362802537935295;1.2437340046744794e-07;3166.6666666666665;-3166.666666542293
1.8240000000000014;6707908907.0;6682395630.0;-163026.0;3988.5516050802644;3918.5278536693418;63.01363341058186;0.0;1333.3333333333333;-1333.3333333333333
1.8280000000000014;6723863114.0;6698018188.0;168624.0;3988.551605079767;3911.785391768828;84.01704531144424;-1.2437340046744794e-07;-7333.333333333333;7333.33333320896
1.8320000000000014;6739817321.0;6713997803.0;143216.0;3988.5516050795186;4009.9901470917503;-15.280254011667239;-6.207301339600235e-08;-5666.666666666667;5666.666666604594
1.8360000000000014;6755771528.0;6730471802.0;-376576.0;3988.5516050802644;4112.147653833654;-139.78881675401044;1.864464138634503e-07;9083.333333333334;-9083.333333146888
1.8400000000000014;6771725735.0;6746775513.0;-726080.0;3988.551605079767;4068.9135974962005;-111.58343241636567;-1.2437340046744794e-07;16750.0;-16750.000000124375
1.8440000000000014;6787679943.0;6762716675.0;-713035.0;3988.5516050802644;3977.130258659035;-19.239158579021478;1.2437340046744794e-07;7750.0;-7749.999999875627
1.8480000000000014;6803634150.0;6778536987.0;-579140.0;3988.5516050795186;3963.8484451328777;-0.19986005294185816;-1.864464138634503e-07;-9250.0;9249.999999813554
1.8520000000000014;6819588357.0;6794247437.0;-335382.0;3988.551605080015;3928.475428994503;45.65475008547446;1.241460267920047e-07;-13250.0;13250.000000124146
1.8560000000000014;6835542564.0;6809815063.0;51199.0;3988.5516050802644;3889.2082234612258;101.54493861851006;6.230038707144558e-08;-10333.333333333334;10333.333333395634
1.8600000000000014;6851496771.0;6825036621.0;783848.0;3988.5516050795186;3812.9263793371133;209.3306897429884;-1.864464138634503e-07;-9250.0;9249.999999813554
1.8640000000000014;6867450979.0;6840488892.0;1285784.0;3988.5516050805127;3870.04295934641;173.79735773353696;2.4851942725945264e-07;-10000.0;10000.00000024852
1.8680000000000014;6883405186.0;6856347656.0;1381227.0;3988.5516050795186;3985.4152133369334;62.52915274295992;-2.4851942725945264e-07;-416.6666666666667;416.66666641814726
1.8720000000000014;6899359393.0;6872838135.0;844956.0;3988.5516050795186;4098.621799927827;-73.73708684771509;0.0;18250.0;-18250.0
1.8760000000000014;6915313600.0;6889059448.0;577850.0;3988.5516050805127;4060.8128551792615;-47.41370009975344;2.4851942725945264e-07;21666.666666666668;-21666.666666418147
1.8800000000000014;6931267807.0;6905077515.0;513990.0;3988.5516050795186;3988.863019161541;21.790155918340588;-2.4851942725945264e-07;11250.0;-11250.00000024852
1.8840000000000015;6947222014.0;6921210938.0;334774.0;3988.5516050802644;4049.039565487504;-46.09267840741268;1.864464138634503e-07;-5750.0;5750.000000186446
1.8880000000000015;6963176222.0;6937651978.0;-152059.0;3988.551605079767;4094.890859700542;-112.87779162075867;-1.2437340046744794e-07;250.0;-250.0000001243734
1.8920000000000015;6979130429.0;6954104004.0;-649878.0;3988.5516050795186;4107.132157780868;-146.52530670084116;-6.207301339600235e-08;5750.0;-5750.000000062073
1.8960000000000015;6995084636.0;6970111084.0;-702750.0;3988.5516050802644;3984.69945159702;-26.366096517349888;1.864464138634503e-07;6250.0;-6249.999999813554
1.9000000000000015;7011038843.0;6985848999.0;-486458.0;3988.551605080015;3940.2139713944084;27.4199396853719;-6.230038707144558e-08;-11750.0;11749.9999999377
1.9040000000000015;7026993050.0;7001570435.0;-253687.0;3988.551605080015;3935.0454561341294;42.597607946023345;0.0;-14666.666666666666;14666.666666666666
1.9080000000000015;7042947257.0;7017484131.0;-213176.0;3988.551605080015;3977.8057770140394;1.5792600660211065;0.0;-10000.0;10000.0
1.9120000000000015;7058901465.0;7033337402.0;-112240.0;3988.5516050795186;3958.359043719616;25.36624136039063;-1.241460267920047e-07;2583.3333333333335;-2583.3333334574795
1.9160000000000015;7074855672.0;7049003906.0;175463.0;3988.5516050802644;3917.2396163377985;78.85689774202456;1.864464138634503e-07;333.3333333333333;-333.3333331468869
1.9200000000000015;7090809879.0;7064829712.0;303865.0;3988.551605080015;3968.4178712791913;33.199928800655925;-6.230038707144558e-08;-2166.6666666666665;2166.666666604366
1.9240000000000015;7106764086.0;7081040039.0;47745.0;3988.551605079767;4056.137386244353;-65.5327461641923;-6.207301339600235e-08;2500.0;-2500.000000062073
1.9280000000000015;7122718293.0;7097376709.0;-334718.0;3988.5516050795186;4078.3727798934246;-104.21404881348826;-6.207301339600235e-08;11500.0;-11500.000000062073
1.9320000000000015;7138672501.0;7113345337.0;-349139.0;3988.551605080762;3980.7246058923083;-7.185977812683177;3.108198143308982e-07;10166.666666666666;-10166.666666355846
1.9360000000000015;7154626708.0;7129226074.0;-275669.0;3988.5516050795186;3975.3857901770807;1.3120479028839327;-3.108198143308982e-07;-3416.6666666666665;3416.6666663558467
1.9400000000000015;7170580915.0;7145233154.0;-328541.0;3988.5516050795186;4007.8202884513103;-33.395946371018454;0.0;-7666.666666666667;7666.666666666667
1.9440000000000015;7186535122.0;7161525879.0;-667059.0;3988.5516050802644;4065.1745992294773;-105.30653114997494;1.864464138634503e-07;-500.0;500.0000001864464
1.9480000000000015;7202489329.0;7177439575.0;-626548.0;3988.5516050795186;3958.0731128506623;3.536928229138084;-1.864464138634503e-07;6250.0;-6250.000000186446
1.9520000000000015;7218443536.0;7192957764.0;-190530.0;3988.55160508101;3885.532867295161;94.82594778476505;3.728928277269006e-07;-5916.666666666667;5916.66666703956
1.9560000000000015;7234397744.0;7208464966.0;256475.0;3988.5516050795186;3886.5027576439084;113.07727243620275;-3.728928277269006e-07;-14250.0;14249.999999627107
1.9600000000000015;7250351951.0;7224510498.0;165150.0;3988.5516050795186;4018.74272160659;-23.089666526157544;0.0;-8583.333333333334;8583.333333333334
1.9640000000000015;7266306158.0;7240715332.0;-85476.0;3988.5516050802644;4043.0428020556533;-58.1666649761537;1.864464138634503e-07;11333.333333333334;-11333.333333146888
1.9680000000000015;7282260365.0;7256810303.0;-226240.0;3988.5516050795186;4022.5429641332066;-43.719679053431264;-1.864464138634503e-07;13583.333333333334;-13583.33333351978
1.9720000000000015;7298214572.0;7272762451.0;-224181.0;3988.551605080015;3979.1190212788583;-0.20719919894418126;1.241460267920047e-07;6000.0;-5999.999999875854
1.9760000000000015;7314168780.0;7289044189.0;-551712.0;3988.5516050802644;4073.128048070453;-108.30005899073512;6.230038707144558e-08;-2583.3333333333335;2583.333333395634
1.9800000000000015;7330122987.0;7305260010.0;-813326.0;3988.5516050802644;4043.888398372218;-90.30981129212114;0.0;3500.0;-3500.0
1.9840000000000015;7346077194.0;7320942993.0;-542101.0;3988.5516050795186;3911.6486167033504;53.5926453768825;-1.864464138634503e-07;-1666.6666666666667;1666.6666664802203
1.9880000000000015;7362031401.0;7336010742.0;344357.0;3988.5516050795186;3777.140352649335;226.2186034306078;0.0;-15583.333333333334;15583.333333333334
1.9920000000000015;7377985608.0;7351303711.0;1005595.0;3988.5516050802644;3833.007620805435;198.78456927407206;1.864464138634503e-07;-24083.333333333332;24083.33333351978
1.9960000000000016;7393939815.0;7367217407.0;1046106.0;3988.5516050802644;3989.2966414870957;44.23752159267042;0.0;-8000.0;8000.0
2.0000000000000013;7409894023.0;7383416748.0;800972.0;3988.551605080015;4036.9909617059047;-13.997560625698043;-6.230038707144558e-08;16833.333333333332;-16833.333333395633
2.0040000000000013;7425848230.0;7399522705.0;649222.0;3988.5516050802644;4012.1480412794053;4.320109800711634;6.230038707144558e-08;21583.333333333332;-21583.33333327103
2.0080000000000013;7441802437.0;7415337524.0;788611.0;3988.5516050802644;3958.490747349635;63.971130730517416;0.0;7166.666666666667;-7166.666666666667
2.0120000000000013;7457756644.0;7431575317.0;505025.0;3988.5516050795186;4064.9243122486137;-54.65663216838175;-1.864464138634503e-07;-3000.0;2999.9999998135536
2.0160000000000013;7473710851.0;7448054810.0;-20261.0;3988.5516050802644;4115.675264086317;-127.99488200631913;1.864464138634503e-07;4416.666666666667;-4416.666666480221
2.0200000000000014;7489665058.0;7464512329.0;-523573.0;3988.5516050795186;4098.267680455129;-132.2297143753167;-1.864464138634503e-07;12333.333333333334;-12333.33333351978
2.0240000000000014;7505619266.0;7480442505.0;-499542.0;3988.5516050795186;3987.7884627820104;-20.71716370213744;0.0;3666.6666666666665;-3666.6666666666665
2.0280000000000014;7521573473.0;7496273804.0;-376634.0;3988.5516050802644;3955.364804263789;16.991538815728745;1.864464138634503e-07;-10833.333333333334;10833.33333351978
2.0320000000000014;7537527680.0;7512346802.0;-495424.0;3988.5516050795186;4023.8493283385637;-56.60095525877523;-1.864464138634503e-07;-12416.666666666666;12416.66666648022
2.0360000000000014;7553481887.0;7528304443.0;-498858.0;3988.5516050795186;3980.576133538805;-13.475422458869616;0.0;-2000.0;2000.0
2.0400000000000014;7569436094.0;7543894043.0;-134251.0;3988.551605080762;3887.320111160442;95.4587009190218;3.108198143308982e-07;-1916.6666666666667;1916.6666669774866
2.0440000000000014;7585390302.0;7559329834.0;384165.0;3988.5516050802644;3870.8920838233794;134.17861625657224;-1.2437340046744794e-07;-9833.333333333334;9833.33333320896
2.0480000000000014;7601344509.0;7575260010.0;408196.0;3988.5516050795186;3983.15659197592;22.947441104620793;-1.864464138634503e-07;-8000.0;7999.999999813554
2.0520000000000014;7617298716.0;7591492310.0;130104.0;3988.5516050795186;4059.1694708040172;-65.02339372401866;0.0;6500.0;-6500.0
2.0560000000000014;7633252923.0;7607647705.0;-71084.0;3988.5516050802644;4021.1553593446574;-35.660366265152334;1.864464138634503e-07;16750.0;-16749.999999813554
2.0600000000000014;7649207130.0;7623561401.0;-30573.0;3988.5516050802644;3977.7731908658966;9.463775213910594;0.0;6750.0;-6750.0
2.0640000000000014;7665161337.0;7639497070.0;-12035.0;3988.5516050802644;3985.2464307437467;2.787669336428735;0.0;-3916.6666666666665;3916.6666666666665
2.0680000000000014;7681115545.0;7655806274.0;-367032.0;3988.5516050795186;4081.9338362630383;-109.16460718275994;-1.864464138634503e-07;-3250.0;3249.9999998135536
2.0720000000000014;7697069752.0;7672098999.0;-705550.0;3988.5516050795186;4052.6801739855296;-94.46721890555864;0.0;7833.333333333333;-7833.333333333333
2.0760000000000014;7713023959.0;7688144531.0;-796874.0;3988.5516050802644;3999.970798312623;-45.68477523304;1.864464138634503e-07;5250.0;-5249.999999813554
2.0800000000000014;7728978166.0;7703662720.0;-360856.0;3988.5516050795186;3886.578439144008;86.45635793579913;-1.864464138634503e-07;-7083.333333333333;7083.333333146887
2.0840000000000014;7744932373.0;7719312744.0;-56673.0;3988.551605080015;3926.636219837196;59.47844624274103;1.241460267920047e-07;-17916.666666666668;17916.666666790814
2.0880000000000014;7760886581.0;7735325317.0;-115039.0;3988.5516050802644;4001.9331925984025;-18.32826451874189;6.230038707144558e-08;-6166.666666666667;6166.666666728967
2.0920000000000014;7776840788.0;7751431274.0;-266789.0;3988.5516050802644;4018.736878843844;-41.65720076378784;0.0;7083.333333333333;-7083.333333333333
2.0960000000000014;7792794995.0;7767235107.0;-116414.0;3988.5516050802644;3958.1358720925973;25.409930987680127;0.0;8416.666666666666;-8416.666666666666
2.1000000000000014;7808749202.0;7783143311.0;-70411.0;3988.551605080015;3987.3238785878757;-1.7999465075845364;-6.230038707144558e-08;-666.6666666666666;666.6666666043662
2.1040000000000014;7824703409.0;7799518433.0;-491326.0;3988.551605079767;4093.6770272933095;-126.25244021320441;-6.207301339600235e-08;1083.3333333333333;-1083.3333333954063
2.1080000000000014;7840657616.0;7815811157.0;-829843.0;3988.551605080015;4066.5233300349864;-113.65497395506509;6.207301339600235e-08;9416.666666666666;-9416.666666604593
2.1120000000000014;7856611824.0;7831625977.0;-690456.0;3988.5516050802644;3943.5932972184683;15.268699861336245;6.230038707144558e-08;5250.0;-5249.9999999377
2.1160000000000014;7872566031.0;7846831055.0;58673.0;3988.5516050795186;3804.4114800264574;186.66306405361865;-1.864464138634503e-07;-14000.0;13999.999999813554
2.1200000000000014;7888520238.0;7862200928.0;643008.0;3988.5516050795186;3859.6836224526464;156.51732662732957;0.0;-24250.0;24250.0
2.1240000000000014;7904474445.0;7877966309.0;831834.0;3988.5516050802644;3940.887041289762;83.433425789784;1.864464138634503e-07;-10083.333333333334;10083.33333351978
2.1280000000000014;7920428652.0;7893863525.0;888825.0;3988.5516050802644;3967.6303433697744;59.14073670999687;0.0;7916.666666666667;-7916.666666666667
2.1320000000000014;7936382859.0;7909672852.0;1033705.0;3988.5516050795186;3951.8447023796252;81.15621770064581;-1.864464138634503e-07;13416.666666666666;-13416.666666853112
2.1360000000000015;7952337067.0;7925515137.0;1145627.0;3988.5516050802644;3980.615975550238;57.197590529630816;1.864464138634503e-07;3666.6666666666665;-3666.66666648022
2.1400000000000015;7968291274.0;7941769409.0;845562.0;3988.5516050795186;4063.814991267901;-38.9042201880975;-1.864464138634503e-07;4416.666666666667;-4416.666666853113
2.1440000000000015;7984245481.0;7958254395.0;314784.0;3988.5516050802644;4116.403879891254;-114.31656281129153;1.864464138634503e-07;11250.0;-11249.999999813554
2.1480000000000015;8000199688.0;7974613037.0;-89651.0;3988.551605080015;4078.9511958306543;-94.254583750871;-6.230038707144558e-08;14166.666666666666;-14166.666666728966
2.1520000000000015;8016153895.0;7990537720.0;-60127.0;3988.5516050802644;3991.312574455567;-5.3464303754490174;6.230038707144558e-08;666.6666666666666;-666.6666666043662
2.1560000000000015;8032108103.0;8006682129.0;-250329.0;3988.5516050802644;4036.7546505999976;-58.96719251994227;0.0;-7833.333333333333;7833.333333333333
2.1600000000000015;8048062310.0;8022985840.0;-599833.0;3988.5516050802644;4070.4283153722363;-107.66952929202944;0.0;-4250.0;4250.0
2.1640000000000015;8064016517.0;8039069824.0;-729609.0;3988.5516050795186;4020.87563918053;-63.69722110028397;-1.864464138634503e-07;1916.6666666666667;-1916.6666668531132
2.1680000000000015;8079970724.0;8054648438.0;-354016.0;3988.551605080015;3881.818060996138;91.51085608380936;1.241460267920047e-07;-3166.6666666666665;3166.6666667908125
2.1720000000000015;8095924931.0;8070133667.0;114962.0;3988.551605079767;3887.2429040538373;106.25206702585365;-6.207301339600235e-08;-16833.333333333332;16833.333333271257
2.1760000000000015;8111879138.0;8085953979.0;248857.0;3988.5516050795186;3954.732977658615;44.51947842128766;-6.207301339600235e-08;-10833.333333333334;10833.333333271261
2.1800000000000015;8127833346.0;8102158813.0;-1770.0;3988.551605080015;4043.2634691603484;-54.78797408068522;1.241460267920047e-07;3250.0;-3249.999999875854
2.1840000000000015;8143787515.0;8118110962.0;288.0;3988.5420730094716;3973.8504386655914;14.713550414161546;-2.383017635906981;14250.0;-14252.383017635908
2.1880000000000015;8159741399.0;8133942261.0;123182.0;3988.47090968663;3952.75696203937;41.08768972361531;-17.79083071039622;3916.6666666666665;-3934.4574973770627
2.1920000000000015;8175694251.0;8149949341.0;70158.0;3988.2128849107453;4014.2047051029167;-22.67399738711765;-64.50619397116952;-3166.6666666666665;3102.160472695497
2.1960000000000015;8191644156.0;8166291504.0;-318528.0;3987.4759524520473;4082.1527720626036;-107.48045219541109;-184.2331146744982;1500.0;-1684.2331146744982
2.2000000000000015;8207586020.0;8182661133.0;-736468.0;3985.465811718712;4075.940422485441;-119.68633191602021;-502.5351833338618;11250.0;-11752.535183333861
2.2040000000000015;8223508282.0;8198552856.0;-681457.0;3980.565345536264;3968.3576225499846;-10.976992526690537;-1225.116545611968;5416.666666666667;-6641.783212278635
2.2080000000000015;8239390497.0;8214307251.0;-501712.0;3970.553441936346;3947.15421761664;14.806797998874572;-2502.9758999794467;-9000.0;6497.024100020553
2.2120000000000015;8255203257.0;8230133057.0;-421019.0;3953.1898666935936;3957.1659820598998;1.3546968039954663;-4340.893810688158;-12500.0;8159.106189311842
2.2160000000000015;8270909764.0;8246096191.0;-529242.0;3926.6267199910467;3982.1649154815786;-41.19460232550364;-6640.786675636718;-4750.0;-1890.7866756367184
2.2200000000000015;8286468052.0;8261586914.0;-248925.0;3889.571827484211;3870.3861292024403;61.6698295714973;-9263.723126708897;-416.6666666666667;-8847.05646004223
2.2240000000000015;8301833381.0;8277006226.0;-19874.0;3841.3320392308037;3854.4422205712535;56.79387496121262;-12059.947063351843;-7916.666666666667;-4143.280396685175
2.2280000000000015;8316960321.0;8292469482.0;-479.0;3781.7346944324777;3888.451811258089;-17.80978455884906;-14899.336199581512;-10666.666666666666;-4232.669532914846
2.2320000000000015;8331804509.0;8308333740.0;-592795.0;3711.046934334969;3956.4882696009577;-163.99317636491742;-17671.940024377138;-666.6666666666666;-17005.27335771047
2.2360000000000015;8346325117.0;8323862915.0;-1105740.0;3630.1518031482105;3884.785273637142;-178.27478839489186;-20223.782796689648;6000.0;-26223.782796689648
2.2400000000000015;8360488183.0;8338793335.0;-1318610.0;3540.7663796595784;3711.457431878515;-88.7701969783584;-22346.355872158027;-2416.6666666666665;-19929.689205491362
2.2440000000000015;8374268900.0;8352894287.0;-1038817.0;3445.1789163445987;3528.3445195746685;22.17222371675507;-23896.86582874492;-25916.666666666668;2019.8008379217463
2.2480000000000016;8387651536.0;8366610718.0;-741683.0;3345.6590243931937;3418.7667880707236;52.73202965436349;-24879.97298785126;-37500.0;12620.02701214874
2.2520000000000016;8400627771.0;8379942627.0;-448467.0;3244.058509782302;3345.439784692906;41.55705128409818;-25400.128652722968;-37750.0;12349.87134727703
2.2560000000000016;8413194459.0;8393120728.0;-402731.0;3141.6719440307934;3269.980255494166;18.66144373069801;-25596.64143787711;-23916.666666666668;-1679.9747712104427
2.2600000000000016;8425351405.0;8405568237.0;-34004.0;3039.2361806384224;3122.914104619652;79.6828751476105;-25608.940848092745;-24083.333333333332;-1525.607514759411
2.2640000000000016;8437099580.0;8417686157.0;254708.0;2937.043674814405;3016.3976041990595;96.21252548916482;-25548.1264560043;-24250.0;-1298.1264560042973
2.2680000000000016;8448440050.0;8429507446.0;430695.0;2835.117287913862;2968.5666315632316;49.27191182495426;-25481.596725135772;-29333.333333333332;3851.736608197559
2.2720000000000016;8459373524.0;8441548462.0;-21400.0;2733.3684239732615;2994.0608454100043;-97.75080618808624;-25437.215985150146;-16500.0;-8937.215985150146
2.2760000000000016;8469900317.0;8453073120.0;-364566.0;2631.6981024855304;2879.803167684585;-100.10682757391987;-25417.580371932785;-10750.0;-14667.580371932785
2.2800000000000016;8480020478.0;8464174805.0;-691635.0;2530.040120197483;2751.6575453718083;-87.74393551994172;-25414.495572011903;-11833.333333333334;-13581.162238678568
2.2840000000000016;8489733941.0;8474430542.0;-579420.0;2428.365656506713;2565.119261032507;1.9537044217772745;-25418.615922692425;-27500.0;2081.3840773075754
2.2880000000000016;8499040625.0;8484318237.0;-505821.0;2326.670993358872;2469.9377636538447;-1.3646304063140633;-25423.66578696033;-36333.333333333336;10909.667546373008
2.2920000000000016;8507940479.0;8493788452.0;-421471.0;2224.9632337052803;2369.7042400114315;0.8135673469464564;-25426.93991339786;-34833.333333333336;9406.393419935477
2.2960000000000016;8516433482.0;8503346558.0;-831811.0;2123.2506659657042;2389.750764508881;-138.577314502028;-25428.14193489403;-24083.333333333332;-1344.8086015606968
2.3000000000000016;8524519637.0;8512690430.0;-1434756.0;2021.5386305128575;2324.778379472975;-201.2411537134044;-25428.008863211686;-11500.0;-13928.008863211688
2.3040000000000016;8532198953.0;8521490479.0;-1900727.0;1919.8291174348356;2199.53978909998;-197.75164486420204;-25427.378269505483;-12916.666666666666;-12510.711602838815
2.3080000000000016;8539471442.0;8529472046.0;-1955060.0;1818.1219630757832;1986.0098172590995;-88.26903051276122;-25426.788589763077;-22166.666666666668;-3260.12192309641
2.3120000000000016;8546337107.0;8536772461.0;-1735076.0;1716.4161914939891;1821.159614520889;-15.668108436892908;-25426.44289544853;-39250.0;13823.55710455147
2.3160000000000016;8552795951.0;8543441162.0;-1290203.0;1614.7108769969677;1655.3627635987475;67.5516615551146;-25426.328624255348;-42916.666666666664;17490.338042411317
2.3200000000000016;8558847973.0;8549653931.0;-796222.0;1513.005472801595;1550.7389676504731;91.71104204636231;-25426.351048843175;-42166.666666666664;16740.31561782349
2.3240000000000016;8564493172.0;8555652466.0;-494828.0;1411.2997958491994;1504.2986566343345;49.40594232321291;-25426.4192380989;-31833.333333333332;6406.9140952344305
2.3280000000000016;8569731548.0;8561491699.0;-440954.0;1309.5938793497298;1464.0326791836658;-9.717010039792513;-25426.479124867397;-22500.0;-2926.4791248673987
2.3320000000000016;8574563100.0;8567166138.0;-629109.0;1207.8878297776448;1407.5475780088864;-63.028344195888394;-25426.512393021254;-12666.666666666666;-12759.84572635459
2.3360000000000016;8578987827.0;8572390137.0;-773648.0;1106.1817413036642;1293.3976787184738;-56.79958976255398;-25426.522118495144;-12916.666666666666;-12509.855451828476
2.3400000000000016;8583005754.0;8577103271.0;-814146.0;1004.4816608757823;1173.0936910124012;-39.94308027280658;-25425.020106970493;-20000.0;-5425.020106970493
2.3440000000000016;8586617035.0;8581311035.0;-756089.0;902.8203672788874;1051.3463400263377;-17.402984436388124;-25415.323399223722;-28166.666666666668;2751.3432674429446
2.3480000000000016;8589822142.0;8585233154.0;-819126.0;801.276607923705;979.5395156016164;-49.991488270556715;-25385.939838795595;-29333.333333333332;3947.3934945377387
2.3520000000000016;8592622430.0;8588836670.0;-970020.0;700.0721149465734;905.0653224599064;-83.62065750198781;-25301.123244282906;-25083.333333333332;-217.78991094957337
2.3560000000000016;8595022089.0;8592050171.0;-1136539.0;599.9145534969987;794.0737702786922;-81.19935653530263;-25039.390362393675;-20916.666666666668;-4122.723695727007
2.3600000000000017;8597031374.0;8594659424.0;-1101975.0;502.32123559284;639.6745355004147;-26.10525863062037;-24398.329476039664;-23500.0;-898.3294760396632
2.3640000000000017;8598669055.0;8596708374.0;-903695.0;409.42024670541946;505.06111402853577;17.88718952664368;-23225.24722185514;-30166.666666666668;6941.419444811526
2.3680000000000017;8599962708.0;8598361816.0;-692900.0;323.41329914556286;405.9674810801074;30.297099843898252;-21501.73688996415;-33250.0;11748.26311003585
2.3720000000000017;8600947513.0;8599724121.0;-551749.0;246.2011260759049;340.88827022594216;11.250700362294992;-19303.043267414487;-30000.0;10696.956732585513
2.3760000000000017;8601664248.0;8600850220.0;-504632.0;179.18382976855182;278.0161171503663;-6.411467228314677;-16754.324076838275;-22000.0;5245.675923161727
2.3800000000000017;8602156769.0;8601718140.0;-492223.0;123.13027486214867;214.43220607777684;-15.51556476591142;-14013.388726600788;-17583.333333333332;3569.944606732545
2.3840000000000017;8602469876.0;8602338867.0;-483542.0;78.27672565943868;152.2301984134838;-15.670353857972742;-11213.387300677496;-15416.666666666666;4203.2793659891695
2.3880000000000017;8602648170.0;8602662964.0;-384939.0;44.573406278619665;81.82038391001522;7.302221328199508;-8425.829845204755;-16333.333333333334;7907.503488128579
2.3920000000000017;8602734377.0;8602827759.0;-289027.0;21.551737969079642;37.953395337753;14.79514356639374;-5755.4170773850055;-15666.666666666666;9911.24958928166
2.3960000000000017;8602765751.0;8602882690.0;-201385.0;7.843717604266665;15.493147487349809;11.490452407097923;-3427.0050912032443;-13583.333333333334;10156.32824213009
2.4000000000000017;8602770326.0;8602932129.0;-185818.0;1.1437388381146132;9.881301767393946;-1.6198610973471421;-1674.994691538013;-8416.666666666666;6741.671975128653
2.4040000000000017;8602765668.0;8602954102.0;-186721.0;-1.1645692065972326;4.784520568571985;-7.545922426061681;-577.0770111779615;-4416.666666666667;3839.5896554887054
2.4080000000000017;8602760477.0;8602965088.0;-196636.0;-1.2978615715285657;1.3324883695617318;-9.52004791572529;-33.32309123283328;-1500.0;1466.6769087671667
2.4120000000000017;8602757588.0;8602981567.0;-217931.0;-0.7222740267322073;2.907176343716681;-13.482101647905264;143.8968861990896;-1000.0;1143.8968861990895
2.4160000000000017;8602756889.0;8602987061.0;-227700.0;-0.17455672393045382;1.5530227914899588;-12.41299188517087;136.92932570043837;-416.6666666666667;553.595992367105
2.4200000000000017;8602757358.0;8603003540.0;-246213.0;0.11708824259335204;1.8651975497752429;-12.96084180731808;72.91124163095147;-83.33333333333333;156.2445749642848
2.4240000000000017;8602758093.0;8603003540.0;-246461.0;0.18379252717100658;-0.20624034306406974;-10.453715989688476;16.676071144413633;-83.33333333333333;100.00940447774697
2.4280000000000017;8602758628.0;8603003540.0;-245893.0;0.1337203559266411;-0.047655729047954086;-10.383916678963873;-12.518042811091368;-166.66666666666666;154.1486238555753
2.4320000000000017;8602758859.0;8603009033.0;-250732.0;0.05780267994822729;1.625726759582758;-12.243653911367913;-18.979418994603456;-250.0;231.02058100539654
2.4360000000000017;8602758685.0;8603014526.0;-255810.0;-0.04345770281314221;0.8470701365545392;-11.742986561355378;-25.315095690342375;83.33333333333333;-108.6484290236757
2.4400000000000017;8602756763.0;8603020020.0;-261232.0;-0.48060639286268025;1.3862647256553173;-12.601141375163222;-109.28717251238452;0.0;-109.28717251238452
2.4440000000000017;8602747648.0;8603014526.0;-256603.0;-2.2787848697723785;-0.7848783352151514;-10.4652376702022;-449.54461922742456;0.0;-449.54461922742456
2.4480000000000017;8602717771.0;8603014526.0;-261367.0;-7.469228624477261;-0.616065452054143;-11.813710192298124;-1297.6109386762207;-166.66666666666666;-1130.944272009554
2.4520000000000017;8602642111.0;8603009033.0;-273178.0;-18.914989542733128;-3.7125431346669795;-12.360289381197394;-2861.4402295639666;0.0;-2861.4402295639666
2.4560000000000017;8602483921.0;8603014526.0;-326579.0;-39.547303506864985;-1.3305376303121448;-24.689240601903045;-5158.078491032964;0.0;-5158.078491032964
2.4600000000000017;8602198218.0;8603009033.0;-429199.0;-71.42597000271778;-2.23388285279274;-43.249988791513275;-7969.666623963198;0.0;-7969.666623963198
2.4640000000000017;8601736266.0;8603003540.0;-631970.0;-115.48793333559667;-2.792900111503899;-76.44761409215636;-11015.490833219723;-83.33333333333333;-10932.157499886389
2.4680000000000017;8601047862.0;8602992554.0;-975819.0;-172.10105663918415;-3.1537231453210115;-127.5155547892314;-14153.28082589687;-166.66666666666666;-13986.614159230205
2.4720000000000018;8600081903.0;8602948608.0;-1482578.0;-241.4897437728991;-13.524901818864048;-187.90192876016732;-17347.171783428734;-500.0;-16847.171783428734
2.4760000000000018;8598787993.0;8602849731.0;-2180824.0;-323.47749002840953;-24.34384153523296;-268.71245983487296;-20496.93656387761;-1416.6666666666667;-19080.269897210943
2.4800000000000018;8597119663.0;8602723389.0;-3148842.0;-417.0823970114813;-35.86482311395556;-373.1254126520871;-23401.226745767945;-2000.0;-21401.226745767945
2.4840000000000018;8595037348.0;8602344360.0;-4210253.0;-520.5786008348125;-103.52702847717703;-437.6238266425537;-25874.0509558328;-4416.666666666667;-21457.384289166133
2.4880000000000018;8592510195.0;8601251221.0;-4947389.0;-631.7882119750785;-285.3375923123434;-384.9686931350499;-27802.402785066504;-13250.0;-14552.402785066504
2.4920000000000018;8589517066.0;8599317627.0;-5270056.0;-748.2822317973652;-490.37669002617895;-300.30076890626947;-29123.50495557166;-29666.666666666668;543.1617110950065
2.4960000000000018;8586046241.0;8596691895.0;-5353622.0;-867.7063778167957;-663.9122778525352;-243.618119947722;-29856.036504857628;-42916.666666666664;13060.630161809037
2.5000000000000018;8582093322.0;8593472900.0;-5314425.0;-988.2296005430244;-805.1933823284805;-218.27635021590027;-30130.805681557176;-46750.0;16619.194318442824
2.504000000000002;8577658243.0;8589693604.0;-5194298.0;-1108.7698263242671;-951.2801667877883;-186.866848809109;-30135.05644531068;-40916.666666666664;10781.610221355983
2.508000000000002;8572742635.0;8585403442.0;-5045399.0;-1228.9018899922373;-1070.4675205654614;-181.800362300688;-30033.015916992554;-36833.333333333336;6800.317416340782
2.512000000000002;8567348197.0;8580536499.0;-4801232.0;-1348.6092728755534;-1229.9469757372924;-132.20002238246002;-29926.84572082902;-33250.0;3323.1542791709785
2.516000000000002;8561476029.0;8574895020.0;-4262394.0;-1468.041923869921;-1414.744241109375;-44.19879895763415;-29858.162748591894;-37083.333333333336;7225.170584741441
2.520000000000002;8555126591.0;8568671265.0;-3619684.0;-1587.3595138262208;-1568.2760033120476;17.368548899019515;-29829.39748907495;-38916.666666666664;9087.269177591716
2.524000000000002;8548299928.0;8561870728.0;-2877746.0;-1706.6657907959116;-1689.9271218753458;51.534360614460866;-29826.569242422695;-42166.666666666664;12340.097424243972
2.528000000000002;8540995912.0;8554812012.0;-2354883.0;-1826.0036893149277;-1768.9840265352427;33.76059555470238;-29834.474629754026;-34250.0;4415.525370245973
2.532000000000002;8533214406.0;8547423706.0;-1979707.0;-1945.3764306781125;-1847.4541209172644;9.044377229789234;-29843.185340796197;-27166.666666666668;-2676.518674129529
2.536000000000002;8524955322.0;8539672852.0;-1719390.0;-2064.7709050180783;-1946.4379537961559;-0.12968677107824078;-29848.61858499147;-20416.666666666668;-9431.951918324803
2.540000000000002;8516218630.0;8531652832.0;-1667430.0;-2184.173022121762;-2006.3835934630372;-57.33092109581253;-29850.529275920962;-20750.0;-9100.529275920962
2.544000000000002;8507004333.0;8523402100.0;-1862348.0;-2303.574010954066;-2062.0166593661866;-129.47670642738376;-29850.247208075984;-18833.333333333332;-11016.913874742651
2.548000000000002;8497312450.0;8514788818.0;-2172322.0;-2422.9707444468336;-2162.4021151938327;-161.8217575795802;-29849.183373191863;-17833.333333333332;-12015.850039858531
2.552000000000002;8487142995.0;8505516357.0;-2300715.0;-2542.363610135527;-2329.0087985426935;-120.13528149829608;-29848.216422173322;-21250.0;-8598.216422173322
2.556000000000002;8476495977.0;8495595703.0;-2258496.0;-2661.7542632139;-2481.6496577146986;-85.07423022885632;-29847.663269593228;-30916.666666666668;1069.0033970734412
2.560000000000002;8465371400.0;8485015869.0;-2034665.0;-2781.144224683756;-2655.63855560885;-20.852610420944984;-29847.490367464048;-38083.333333333336;8235.842965869288
2.564000000000002;8453769262.0;8473765869.0;-1618229.0;-2900.534370479124;-2810.0301955962295;32.05538573559261;-29847.536448841995;-42083.333333333336;12235.796884491343
2.568000000000002;8441689837.0;8462098389.0;-1261873.0;-3019.8562157085457;-2910.1233373508717;28.08179688574637;-29830.46130735545;-38833.333333333336;9002.872025977886
2.572000000000002;8429134901.0;8450227661.0;-1179722.0;-3138.733858512054;-2968.4966095766426;-29.375502496653553;-29719.41070087712;-31916.666666666668;2197.255965789548
2.576000000000002;8416109845.0;8438010864.0;-1228086.0;-3256.2637339715147;-3066.065729108632;-53.03216107148637;-29382.46886486513;-22250.0;-7132.468864865132
2.580000000000002;8402625652.0;8425217285.0;-1173052.0;-3371.0480222346364;-3210.4708143044377;-24.60649073477498;-28696.072065780412;-20916.666666666668;-7779.405399113745
2.584000000000002;8388700722.0;8411802979.0;-963088.0;-3481.232402020621;-3357.9536476269886;15.45560447767275;-27546.094946496167;-28250.0;703.9050535038314
2.588000000000002;8374362852.0;8397773438.0;-589795.0;-3584.4672345996382;-3516.4270839040987;77.00405590431365;-25808.70814475429;-35416.666666666664;9607.958521912373
2.592000000000002;8359650016.0;8383293457.0;-195886.0;-3678.2089973538045;-3606.260372062128;76.319485568466;-23435.440688541574;-38000.0;14564.559311458424
2.596000000000002;8344608760.0;8368802490.0;-189038.0;-3760.313687687919;-3617.4664882447346;-11.691632974697768;-20526.17258352859;-28500.0;7973.8274164714085
2.600000000000002;8329291118.0;8354201660.0;-429060.0;-3829.410423485178;-3646.1050022692903;-82.55753377507972;-17274.18394931476;-17083.333333333332;-190.85061598142875
2.604000000000002;8313751317.0;8339419556.0;-795870.0;-3884.949913761301;-3719.895754335463;-101.55503728959275;-13884.872569030791;-6500.0;-7384.87256903079
2.608000000000002;8298042516.0;8324115601.0;-896020.0;-3927.2002643929695;-3815.1382975399943;-74.41666234881131;-10562.587657917105;-12750.0;2187.4123420828937
2.612000000000002;8282213732.0;8308811646.0;-1197571.0;-3957.1956266914767;-3831.4577734011264;-121.413870523078;-7498.840574626797;-15750.0;8251.159425373204
2.616000000000002;8266307694.0;8293348389.0;-1489695.0;-3976.5092831172647;-3857.099028480776;-145.80325273775998;-4828.414106446985;-16333.333333333334;11504.919226886348
2.620000000000002;8250359202.0;8277687378.0;-1687396.0;-3987.122913370496;-3937.103515365783;-100.1319482466597;-2653.4075633078373;-8250.0;5596.592436692163
2.624000000000002;8234393414.0;8261191406.0;-1113841.0;-3991.4468338293013;-4129.566683617685;101.067264898546;-1080.9801147013332;-16250.0;15169.019885298667
2.628000000000002;8218425267.0;8244283447.0;-160983.0;-3992.0364987565868;-4216.277388732869;220.5800287014181;-147.416231821353;-28333.333333333332;28185.91710151198
2.632000000000002;8202461168.0;8227628174.0;527668.0;-3991.0246778526594;-4138.459741551481;169.494174263466;252.95522598185016;-28000.0;28252.955225981852
2.636000000000002;8186502100.0;8211818848.0;370466.0;-3989.766687979136;-3956.1235105134847;-19.57832399647532;314.4974683808641;-2250.0;2564.497468380864
2.640000000000002;8170546621.0;8195960083.0;267103.0;-3988.8696356357937;-3975.9570862004384;-3.089317961567758;224.26308583555965;20916.666666666668;-20692.40358083111
2.644000000000002;8154592874.0;8179892578.0;376933.0;-3988.4365461853517;-4022.3955344068;49.18526163087108;108.27236261047801;18083.333333333332;-17975.060970722854
2.648000000000002;8138639528.0;8163764648.0;550050.0;-3988.3363358833863;-4034.363305071637;69.3122764698328;25.05257549137241;1666.6666666666667;-1641.6140911752943
2.652000000000002;8122685947.0;8147960815.0;400285.0;-3988.3949673447187;-3939.5811122336577;-31.6059847662591;-14.657865333106201;-5083.333333333333;5068.675468000227
2.656000000000002;8106732000.0;8132354736.0;52922.0;-3988.4867269612764;-3915.045537837643;-71.03898567376109;-22.939904139434475;6916.666666666667;-6939.606570806101
2.660000000000002;8090777791.0;8116457520.0;-3587.0;-3988.552030630859;-3982.6995044219716;-5.885741633265297;-16.325917395647593;7666.666666666667;-7682.992584062315
2.664000000000002;8074823472.0;8100368042.0;131843.0;-3988.5793945925243;-4028.653016025342;45.81018383340779;-6.840990416321802;166.66666666666666;-173.50765708298846
2.668000000000002;8058869151.0;8084218140.0;327494.0;-3988.5800676337467;-4027.267753256019;52.78749788054665;-0.16826030559968785;-10750.0;10749.8317396944
2.672000000000002;8042914873.0;8068392334.0;198980.0;-3988.569452484136;-3958.487388722122;-21.535972385059267;2.6537874026644204;-5166.666666666667;5169.320454069331
2.676000000000002;8026960639.0;8052522583.0;114427.0;-3988.558325720188;-3970.57509185021;-13.080402098972172;2.78169098703529;3916.6666666666665;-3913.884975679631
2.680000000000002;8011006433.0;8036471558.0;211192.0;-3988.5512816976716;-4018.469405854106;38.98555875986449;1.761005629077772;4250.0;-4248.238994370922
2.684000000000002;7995052238.0;8020288696.0;439831.0;-3988.548597203466;-4037.0564730644787;67.4136079932332;0.6711235513421343;-3333.3333333333335;3334.0044568846756
2.688000000000002;7979098042.0;8004501343.0;272982.0;-3988.548694767266;-3940.0929572562277;-36.7190753550135;-0.024390949988628563;-3916.6666666666665;3916.642275716678
2.692000000000002;7963143842.0;7988966675.0;-146546.0;-3988.549863870774;-3893.305485109173;-101.54464450626074;-0.2922758769727807;7250.0;-7250.292275876973
2.696000000000002;7947189637.0;7973162842.0;-296910.0;-3988.551005312508;-3962.116545408249;-39.19974231862352;-0.2853604335086857;10500.0;-10500.285360433509
2.700000000000002;7931235430.0;7956963501.0;-51771.0;-3988.5516916322867;-4054.8077130273136;64.03125044294438;-0.17157994466288073;-250.0;249.82842005533712
2.704000000000002;7915281221.0;7940857544.0;99980.0;-3988.5519297510887;-4011.6477633167915;27.395632577296055;-0.059529700479288294;-12583.333333333334;12583.273803632856
2.708000000000002;7899327013.0;7925092163.0;-88847.0;-3988.5518970314097;-3951.1229669356794;-41.249236085603115;0.008179919745998632;-5333.333333333333;5333.341513253079
2.712000000000002;7883372805.0;7909002686.0;46422.0;-3988.5517696002476;-4030.0630074259343;43.50723804293784;0.03185779053183069;2500.0;-2499.968142209468
2.716000000000002;7867418598.0;7892583618.0;511282.0;-3988.551654419097;-4112.372837780815;145.80611708219203;0.02879528767607553;-833.3333333333334;833.3621286210094
2.720000000000002;7851464390.0;7876175537.0;965155.0;-3988.5515892043513;-4082.183213381052;135.13315370161445;0.0163036863796151;-12333.333333333334;12333.349637019714
2.724000000000002;7835510183.0;7860300293.0;886192.0;-3988.5515694062856;-3971.016409322344;20.571036084990737;0.004949516437591228;-4583.333333333333;4583.338282849771
2.728000000000002;7819555976.0;7844617310.0;614967.0;-3988.5515754477133;-3928.196745509975;-33.9112552268507;-0.0015103569239727221;10416.666666666666;-10416.66817702359
2.732000000000002;7803601769.0;7828764038.0;514032.0;-3988.5515894272235;-3962.190719009541;-4.257476908059289;-0.0034948775464727078;15166.666666666666;-15166.670161544213
2.736000000000002;7787647562.0;7812866821.0;457042.0;-3988.55160110911;-3968.4794163725974;-0.4193585823400099;-0.0029204716156527866;4583.333333333333;-4583.336253804949
2.740000000000002;7771693355.0;7797365112.0;4544.0;-3988.551607313713;-3862.358165826965;-125.99803615002565;-0.0015511507172050187;333.3333333333333;-333.3348844840505
2.744000000000002;7755739148.0;7782264404.0;-848955.0;-3988.5516089121243;-3786.00962926922;-239.04703923148054;-0.00039960286812856793;10916.666666666666;-10916.667066269534
2.748000000000002;7739784941.0;7766889038.0;-1427796.0;-3988.551608052225;-3856.7044315246717;-193.24240438646302;0.00021497476154763717;14500.0;-14499.999785025238
2.752000000000002;7723830733.0;7750816040.0;-1309005.0;-3988.5516065488337;-4030.664861813292;-14.173961748506827;0.00037584788969979854;583.3333333333334;-583.3329574854437
2.756000000000002;7707876526.0;7734204712.0;-651884.0;-3988.5516053762667;-4140.932304086588;124.34968462544066;0.0002931417384388624;-24500.0;24500.00029314174
2.760000000000002;7691922319.0;7717829590.0;-230970.0;-3988.55160479446;-4086.5645810734927;88.08126498072443;0.00014545162230206188;-27500.0;27500.000145451624
2.764000000000002;7675968112.0;7701849976.0;-205563.0;-3988.551604673573;-3990.8487057798357;-6.5421083726510005;3.0221826818888076e-05;-9666.666666666666;9666.666696888493
2.768000000000002;7660013905.0;7685831909.0;-141703.0;-3988.5516047847595;-4020.8313648912276;26.186531141276646;-2.7796659196610563e-05;10000.0;-10000.00002779666
2.772000000000002;7644059697.0;7669577637.0;158362.0;-3988.551604944203;-4064.7945193843284;83.05248066595232;-3.986087904195301e-05;7666.666666666667;-7666.666706527546
2.776000000000002;7628105490.0;7653493652.0;288140.0;-3988.551605060365;-4008.0952453532555;31.933660505947046;-2.9040506888122763e-05;-1000.0;999.9999709594931
2.780000000000002;7612151283.0;7637700806.0;126778.0;-3988.5516051148397;-3945.0216955691167;-38.078455420235514;-1.3618659977510106e-05;333.3333333333333;-333.3333469519933
2.784000000000002;7596197076.0;7621957397.0;-84020.0;-3988.551605122053;-3938.485063747853;-53.679401333481565;-1.8033006199402735e-06;8500.0;-8500.0000018033
2.788000000000002;7580242869.0;7605840454.0;78716.0;-3988.551605109865;-4037.074335220948;51.90751810353822;3.047034624614753e-06;6750.0;-6749.999996952965
2.792000000000002;7564288662.0;7589729004.0;235959.0;-3988.551605091955;-4020.879629752908;42.474261635732546;4.477442416828126e-06;-5250.0;5250.000004477442
2.796000000000002;7548334454.0;7573837280.0;173476.0;-3988.551605080762;-3971.4109506873638;-9.681186415447883;2.798287823679857e-06;-5416.666666666667;5416.666669464955
2.800000000000002;7532380247.0;7558110352.0;-53803.0;-3988.5516050762844;-3939.080906853255;-51.78422723436779;1.1193606042070314e-06;2416.6666666666665;-2416.666665547306
2.804000000000002;7516426040.0;7542064819.0;37522.0;-3988.5516050755386;-4019.8474098758547;32.90925079677663;1.864464138634503e-07;6500.0;-6499.999999813554
2.808000000000002;7500471833.0;7525728149.0;419985.0;-3988.551605077031;-4070.5644980212523;100.07224794519243;-3.731202014023438e-07;-4916.666666666667;4916.666666293547
2.812000000000002;7484517626.0;7509616699.0;577228.0;-3988.5516050782744;-4024.600572603822;60.86977152767349;-3.108198143308982e-07;-9333.333333333334;9333.333333022514
2.816000000000002;7468563418.0;7493895264.0;344456.0;-3988.5516050795186;-3929.764493620884;-43.97550345661966;-3.1104718800634146e-07;-1166.6666666666667;1166.6666663556196
2.820000000000002;7452609211.0;7478228760.0;56753.0;-3988.551605080762;-3936.249614404444;-49.861611674361484;-3.108198143308982e-07;12916.666666666666;-12916.666666977486
2.824000000000002;7436655004.0;7462232666.0;98639.0;-3988.5516050802644;-4000.5489597149904;16.238831634922462;1.2437340046744794e-07;7666.666666666667;-7666.666666542294
2.828000000000002;7420700797.0;7446066284.0;310814.0;-3988.551605080762;-4038.332078804586;63.145475723983054;-1.2437340046744794e-07;-3916.6666666666665;3916.666666542293
2.832000000000002;7404746590.0;7430256958.0;165933.0;-3988.551605079767;-3952.992811190654;-28.423674889858376;2.4874680093489587e-07;-8000.0;8000.000000248747
2.836000000000002;7388792383.0;7414656372.0;-187688.0;-3988.551605080015;-3908.824998210363;-87.79719086999148;-6.207301339600235e-08;3916.6666666666665;-3916.6666667287395
2.840000000000002;7372838175.0;7398770142.0;-255665.0;-3988.5516050795186;-3987.878893045511;-11.66630703435294;1.241460267920047e-07;8166.666666666667;-8166.666666542521
2.844000000000002;7356883968.0;7382312622.0;247648.0;-3988.5516050802644;-4107.015848544713;129.1131074648847;-1.864464138634503e-07;-4166.666666666667;4166.666666480221
2.848000000000002;7340929761.0;7366008911.0;597151.0;-3988.5516050802644;-4067.2519800569044;104.37786797703802;0.0;-15583.333333333334;15583.333333333334
2.852000000000002;7324975554.0;7350078735.0;573120.0;-3988.5516050795186;-3975.28593031019;11.378485229923172;1.864464138634503e-07;-8666.666666666666;8666.666666853112
2.856000000000002;7309021347.0;7334373779.0;323869.0;-3988.5516050802644;-3945.419901914731;-29.20533616528155;-1.864464138634503e-07;9583.333333333334;-9583.33333351978
2.860000000000002;7293067140.0;7318273315.0;470126.0;-3988.5516050795186;-4021.8108348900005;53.47464781018516;1.864464138634503e-07;10333.333333333334;-10333.333333146888
2.864000000000002;7277112932.0;7302095947.0;693287.0;-3988.5516050802644;-4034.324053411283;75.58378933128324;-1.864464138634503e-07;-916.6666666666666;916.6666664802202
2.868000000000002;7261158725.0;7286478882.0;356145.0;-3988.551605080015;-3894.335435954645;-78.90193412521876;6.230038707144558e-08;-3916.6666666666665;3916.666666728967
2.872000000000002;7245204518.0;7271323242.0;-442423.0;-3988.5516050802644;-3794.7237865319216;-212.85200754817606;-6.230038707144558e-08;12333.333333333334;-12333.333333395634
2.876000000000002;7229250311.0;7256096191.0;-1169579.0;-3988.5516050795186;-3826.2956060656234;-212.54789601445418;1.864464138634503e-07;21750.0;-21749.999999813554
2.880000000000002;7213296104.0;7240116577.0;-1144172.0;-3988.5516050795186;-3981.345765158575;-56.405235921393796;0.0;5833.333333333333;-5833.333333333333
2.884000000000002;7197341896.0;7223906250.0;-888052.0;-3988.5516050795186;-4047.4055902827567;20.66774920326452;0.0;-16166.666666666666;16166.666666666666
2.888000000000002;7181387689.0;7207668457.0;-604466.0;-3988.551605080762;-4048.6458220306004;34.102178951093265;-3.108198143308982e-07;-23333.333333333332;23333.333333022514
2.892000000000002;7165433482.0;7191573486.0;-463703.0;-3988.5516050805127;-4027.3444164421076;18.85358236208731;6.230038707144558e-08;-10083.333333333334;10083.333333395634
2.896000000000002;7149479275.0;7175181885.0;-26309.0;-3988.5516050795186;-4088.042184440676;98.35929235998992;2.4851942725945264e-07;-3083.3333333333335;3083.333333581853
2.900000000000002;7133525068.0;7158856201.0;345168.0;-3988.5516050795186;-4089.4323175929117;115.72293651275822;0.0;-2000.0;2000.0
2.904000000000002;7117570861.0;7142871094.0;376068.0;-3988.551605079767;-3982.259330184311;9.878649104791748;-6.207301339600235e-08;-1416.6666666666667;1416.6666666045937
2.908000000000002;7101616653.0;7127133179.0;159776.0;-3988.5516050802644;-3945.9435215137155;-35.73771556590373;-1.2437340046744794e-07;9333.333333333334;-9333.333333457707
2.912000000000002;7085662446.0;7111246948.0;91800.0;-3988.5516050802644;-3979.318647102762;-5.285557977217195;0.0;11416.666666666666;-11416.666666666666
2.916000000000002;7069708239.0;7095036621.0;347919.0;-3988.551605079767;-4047.0041504123396;73.41306233201703;1.2437340046744794e-07;2750.0;-2749.9999998756266
2.920000000000002;7053754032.0;7079018555.0;411778.0;-3988.5516050795186;-3992.4103446420245;21.565193561964406;6.207301339600235e-08;-7166.666666666667;7166.66666672874
2.924000000000002;7037799825.0;7063346558.0;129568.0;-3988.5516050802644;-3917.584265778959;-65.39591530068492;-1.864464138634503e-07;-666.6666666666666;666.6666664802202
2.928000000000002;7021845617.0;7047795410.0;-273491.0;-3988.551605080015;-3895.5385807490984;-104.77313733072288;6.230038707144558e-08;10333.333333333334;-10333.333333271034
2.932000000000002;7005891410.0;7031744385.0;-176673.0;-3988.551605080015;-4020.9131171724907;24.76457309233365;0.0;8083.333333333333;-8083.333333333333
2.936000000000002;6989937203.0;7015506592.0;106912.0;-3988.5516050795186;-4051.2749963527135;67.32060727269345;1.241460267920047e-07;-7916.666666666667;7916.666666790813
2.940000000000002;6973982996.0;6999422607.0;236690.0;-3988.551605080015;-4016.3422098064425;37.968274726605614;-1.241460267920047e-07;-12250.0;12249.999999875854
2.944000000000002;6958028789.0;6983690186.0;14904.0;-3988.5516050802644;-3930.258581645977;-57.65215143374962;-6.230038707144558e-08;-3083.3333333333335;3083.333333271033
2.948000000000002;6942074582.0;6967694092.0;56791.0;-3988.5516050795186;-4000.2138254950382;14.104233414931514;1.864464138634503e-07;8000.0;-7999.999999813554
2.952000000000002;6926120374.0;6951555176.0;241500.0;-3988.5516050805127;-4037.093988721084;58.92688364106061;-2.4851942725945264e-07;1833.3333333333333;-1833.3333335818527
2.956000000000002;6910166167.0;6935476685.0;365784.0;-3988.5516050795186;-4010.928281720899;38.105388640971796;2.4851942725945264e-07;-4666.666666666667;4666.666666915186
2.960000000000002;6894211960.0;6919700317.0;187944.0;-3988.5516050802644;-3945.274807141494;-35.195205938658546;-1.864464138634503e-07;-1916.6666666666667;1916.6666664802203
2.964000000000002;6878257753.0;6904011841.0;-77787.0;-3988.551605079767;-3929.918391152587;-61.978054927275934;1.2437340046744794e-07;7666.666666666667;-7666.666666542294
2.968000000000002;6862303546.0;6888004761.0;-24914.0;-3988.5516050795186;-4013.0709371834437;23.448030103377732;6.207301339600235e-08;6666.666666666667;-6666.666666604594
2.972000000000002;6846349339.0;6871854858.0;170782.0;-3988.5516050802644;-4035.200335944891;53.992356865173406;-1.864464138634503e-07;-4416.666666666667;4416.666666480221
2.976000000000002;6830395131.0;6855732422.0;339011.0;-3988.551605079767;-4021.260957196139;47.28682511629222;1.2437340046744794e-07;-9166.666666666666;9166.66666679104
2.980000000000002;6814440924.0;6839862671.0;254555.0;-3988.5516050795186;-3973.574998080425;-4.030741999648853;6.207301339600235e-08;-3500.0;3500.000000062073
2.984000000000002;6798486717.0;6823778687.0;384331.0;-3988.551605080762;-4025.7587814215535;53.73340934192038;-3.108198143308982e-07;3750.0;-3750.00000031082
2.988000000000002;6782532510.0;6807507935.0;700876.0;-3988.5516050795186;-4072.119920053132;113.70598297308106;3.108198143308982e-07;-750.0;750.0000003108198
2.992000000000002;6766578303.0;6791341553.0;913051.0;-3988.551605080015;-4023.700966324523;74.41055424428441;-1.241460267920047e-07;-6166.666666666667;6166.666666542521
2.996000000000002;6750624095.0;6775664063.0;636334.0;-3988.551605079767;-3920.240728706699;-40.948514373030775;6.207301339600235e-08;833.3333333333334;-833.3333332712604
3.000000000000002;6734669888.0;6760365601.0;-19411.0;-3988.551605079767;-3833.960377963521;-155.42590011637503;0.0;15333.333333333334;-15333.333333333334
3.0040000000000022;6718715681.0;6744918823.0;-526841.0;-3988.5516050802644;-3872.4031446495205;-138.8026234302447;-1.2437340046744794e-07;19583.333333333332;-19583.333333457704
3.0080000000000022;6702761474.0;6729147949.0;-710174.0;-3988.5516050805127;-3939.9049424391164;-79.18414464086663;-6.207301339600235e-08;5583.333333333333;-5583.333333395406
3.0120000000000022;6686807267.0;6713327637.0;-844069.0;-3988.5516050795186;-3951.9313713436536;-72.91520073670063;2.4851942725945264e-07;-7583.333333333333;7583.3333335818525
3.0160000000000022;6670853060.0;6697628174.0;-1098813.0;-3988.5516050795186;-3937.854090225242;-97.9464738548977;0.0;-8083.333333333333;8083.333333333333
3.0200000000000022;6654898852.0;6681560669.0;-985515.0;-3988.5516050805127;-4029.097592316065;-1.8311577634626701;-2.4851942725945264e-07;-4750.0;4749.999999751481
3.0240000000000022;6638944645.0;6665081177.0;-460230.0;-3988.5516050795186;-4115.283787185554;106.94229210563071;2.4851942725945264e-07;-10250.0;10250.00000024852
3.0280000000000022;6622990438.0;6648695068.0;-28329.0;-3988.5516050802644;-4081.705318238076;91.93556615793932;-1.864464138634503e-07;-15833.333333333334;15833.333333146888
3.0320000000000022;6607036231.0;6632693481.0;19051.0;-3988.551605079767;-3998.5498628729733;10.817450793177613;1.2437340046744794e-07;-6416.666666666667;6416.66666679104
3.0360000000000023;6591082024.0;6616851196.0;-92871.0;-3988.551605079767;-3973.1264017337303;-19.41865634632495;0.0;8750.0;-8750.0
3.0400000000000023;6575127817.0;6600717773.0;86345.0;-3988.551605080015;-4043.126852347877;58.28808226814817;-6.207301339600235e-08;11000.0;-11000.000000062073
3.0440000000000023;6559173609.0;6584436035.0;413876.0;-3988.551605080015;-4064.6809765122125;93.92603943233871;0.0;-1666.6666666666667;1666.6666666666667
3.0480000000000023;6543219402.0;6568390503.0;505201.0;-3988.551605080015;-3992.2730035392456;25.445041459241565;0.0;-6833.333333333333;6833.333333333333
3.0520000000000023;6527265195.0;6552745972.0;195524.0;-3988.551605079767;-3923.088289487146;-57.05578359286528;6.207301339600235e-08;3750.0;-3749.999999937927
3.0560000000000023;6511310988.0;6537073975.0;-86686.0;-3988.551605079767;-3925.314246042356;-66.96485703753524;0.0;12666.666666666666;-12666.666666666666
3.0600000000000023;6495356781.0;6521121826.0;-88744.0;-3988.5516050805127;-3992.0109311086053;-0.3566659711796092;-1.864464138634503e-07;8500.0;-8500.000000186446
3.0640000000000023;6479402573.0;6505015869.0;63006.0;-3988.5516050795186;-4019.029910610531;33.18756353049048;2.4851942725945264e-07;-5916.666666666667;5916.666666915186
3.0680000000000023;6463448366.0;6489113159.0;11509.0;-3988.5516050802644;-3968.855663434949;-19.201054645179738;-1.864464138634503e-07;-7666.666666666667;7666.666666480221
3.0720000000000023;6447494159.0;6473243408.0;-72948.0;-3988.5516050795186;-3973.1987401665338;-18.489628913313936;1.864464138634503e-07;-833.3333333333334;833.3333335197798
3.0760000000000023;6431539952.0;6457060547.0;155706.0;-3988.5516050795186;-4045.148105611086;63.291858531131766;0.0;583.3333333333334;-583.3333333333334
3.0800000000000023;6415585745.0;6440795288.0;466758.0;-3988.5516050805127;-4058.8624600999133;90.38144902033264;-2.4851942725945264e-07;-4833.333333333333;4833.333333084814
3.0840000000000023;6399631538.0;6424760742.0;547097.0;-3988.551605080015;-3998.3159714783133;33.28953739837607;1.2437340046744794e-07;-6833.333333333333;6833.333333457706
3.0880000000000023;6383677330.0;6409127197.0;226435.0;-3988.551605080015;-3914.353253577076;-64.46164650325727;0.0;5000.0;-5000.0
3.0920000000000023;6367723123.0;6393279419.0;120006.0;-3988.551605079767;-3964.619029619411;-18.772317460612157;6.207301339600235e-08;10833.333333333334;-10833.333333271261
3.0960000000000023;6351768916.0;6377228394.0;216823.0;-3988.5516050795186;-4020.738415085834;41.510199005973845;6.207301339600235e-08;5000.0;-4999.999999937927
3.1000000000000023;6335814709.0;6361221313.0;269697.0;-3988.5516050805127;-3988.8905562381074;11.935922158439098;-2.4851942725945264e-07;-5916.666666666667;5916.6666664181475
3.1040000000000023;6319860502.0;6345505371.0;31432.0;-3988.551605080015;-3921.99561107713;-65.20441800279241;1.2437340046744794e-07;-2833.3333333333335;2833.333333457707
3.1080000000000023;6303906294.0;6329641113.0;-58517.0;-3988.551605080015;-3972.487223408096;-18.580612672193183;0.0;4000.0;-4000.0
3.1120000000000023;6287952087.0;6313507690.0;120699.0;-3988.5516050795186;-4038.795050913174;55.43350283320933;1.241460267920047e-07;1833.3333333333333;-1833.3333332091872
3.1160000000000023;6271997880.0;6297055664.0;618517.0;-3988.5516050802644;-4096.936306252342;134.98093217245787;-1.864464138634503e-07;-9916.666666666666;9916.66666648022
3.1200000000000023;6256043673.0;6280966187.0;753787.0;-3988.551605079767;-4014.7492965248002;58.610532444990895;1.2437340046744794e-07;-11583.333333333334;11583.333333457707
3.1240000000000023;6240089466.0;6265145874.0;619893.0;-3988.5516050795186;-3945.072236621771;-16.823969458310785;6.207301339600235e-08;1000.0;-999.999999937927
3.1280000000000023;6224135259.0;6249451904.0;359656.0;-3988.5516050802644;-3934.395342377022;-38.69105470264685;-1.864464138634503e-07;13166.666666666666;-13166.666666853112
3.1320000000000023;6208181051.0;6233779907.0;77446.0;-3988.551605080015;-3909.8746296923346;-75.34679738754312;6.230038707144558e-08;12083.333333333334;-12083.333333271034
3.1360000000000023;6192226844.0;6218272705.0;-369559.0;-3988.551605080015;-3876.0914632045365;-128.35117887563683;0.0;7750.0;-7750.0
3.1400000000000023;6176272637.0;6202935791.0;-986853.0;-3988.5516050795186;-3838.5318708160817;-192.45441326397759;1.241460267920047e-07;6083.333333333333;-6083.333333209187
3.1440000000000023;6160318430.0;6187379150.0;-1384419.0;-3988.551605080015;-3900.910881216563;-147.17074086329603;-1.241460267920047e-07;6583.333333333333;-6583.333333457479
3.1480000000000024;6144364223.0;6171267700.0;-1227176.0;-3988.5516050802644;-4038.3005282437316;-3.0196448359961323;-6.230038707144558e-08;-5500.0;5499.9999999377
3.1520000000000024;6128410016.0;6154628906.0;-542589.0;-3988.5516050795186;-4145.87394113161;133.99100905150408;1.864464138634503e-07;-21083.333333333332;21083.33333351978
3.1560000000000024;6112455808.0;6138264771.0;-132661.0;-3988.5516050805127;-4084.927081244752;90.6710531648173;-2.4851942725945264e-07;-23416.666666666668;23416.666666418147
3.1600000000000024;6096501601.0;6122296143.0;-118240.0;-3988.5516050795186;-3990.8517956993023;-2.784129380604554;2.4851942725945264e-07;-6750.0;6750.000000248519
3.1640000000000024;6080547394.0;6106316528.0;-92833.0;-3988.5516050802644;-4012.7043117145895;20.16088763444759;-1.864464138634503e-07;10666.666666666666;-10666.666666853112
3.1680000000000024;6064593187.0;6090029297.0;240191.0;-3988.551605079767;-4067.244470290277;89.02107821050004;1.2437340046744794e-07;7500.0;-7499.999999875627
3.1720000000000024;6048638980.0;6073736572.0;578709.0;-3988.5516050802644;-4065.510737229962;101.84361914991041;-1.2437340046744794e-07;-3000.0;2999.9999998756266
3.1760000000000024;6032684772.0;6057855835.0;505239.0;-3988.5516050795186;-3955.5967150384377;-11.229613041513858;1.864464138634503e-07;-4583.333333333333;4583.333333519779
3.1800000000000024;6016730565.0;6042145386.0;261481.0;-3988.551605079767;-3930.52960594121;-46.7783161387415;-6.207301339600235e-08;9083.333333333334;-9083.333333395407
3.1840000000000024;6000776358.0;6026369019.0;83640.0;-3988.5516050802644;-3950.1440088079275;-34.811076271699676;-1.2437340046744794e-07;11916.666666666666;-11916.66666679104
3.1880000000000024;5984822151.0;6010378418.0;120034.0;-3988.5516050795186;-3996.056632752318;12.666489672369607;1.864464138634503e-07;5166.666666666667;-5166.666666480221
3.1920000000000024;5968867944.0;5994618530.0;-74285.0;-3988.5516050805127;-3935.5222185027637;-56.22364157723632;-2.4851942725945264e-07;-3750.0;3749.9999997514806
3.1960000000000024;5952913737.0;5978897095.0;-307057.0;-3988.5516050795186;-3934.7391980639736;-67.01585801595229;2.4851942725945264e-07;583.3333333333334;-583.333333084814
3.2000000000000024;5936959529.0;5962944946.0;-309115.0;-3988.551605080015;-3997.0862808380016;-4.757269242161783;-1.241460267920047e-07;1500.0;-1500.000000124146
3.2040000000000024;5921005322.0;5946597290.0;84334.0;-3988.5516050802644;-4089.4774255728016;104.55218249308018;-6.230038707144558e-08;-5333.333333333333;5333.333333271033
3.2080000000000024;5905051115.0;5930315552.0;411864.0;-3988.5516050795186;-4059.628618547626;88.78716546751912;1.864464138634503e-07;-13750.0;13750.000000186446
3.2120000000000024;5889096908.0;5914385376.0;387833.0;-3988.551605079767;-3977.663058010224;5.7882719302592704;-6.207301339600235e-08;-6000.0;5999.999999937927
3.2160000000000024;5873142701.0;5898641968.0;177034.0;-3988.5516050802644;-3940.2368853392863;-40.702257740390905;-1.2437340046744794e-07;7500.0;-7500.000000124373
3.2200000000000024;5857188493.0;5882640381.0;224414.0;-3988.5516050795186;-4009.2878696860153;30.386066606044096;1.864464138634503e-07;10916.666666666666;-10916.66666648022
3.2240000000000024;5841234286.0;5866463013.0;447575.0;-3988.5516050805127;-4030.9341792332234;61.62829915325301;-2.4851942725945264e-07;-833.3333333333334;833.333333084814
3.2280000000000024;5825280079.0;5850648193.0;308187.0;-3988.5516050795186;-3946.4419611291623;-28.857602950768978;2.4851942725945264e-07;-4166.666666666667;4166.666666915186
3.2320000000000024;5809325872.0;5835108032.0;-105859.0;-3988.5516050802644;-3889.1068724533916;-103.9966696267852;-1.864464138634503e-07;4000.0;-4000.0000001864464
3.2360000000000024;5793371665.0;5819364624.0;-316658.0;-3988.551605079767;-3949.201687079504;-52.96621200035361;1.2437340046744794e-07;11333.333333333334;-11333.33333320896
3.2400000000000024;5777417458.0;5802994995.0;98764.0;-3988.5516050795186;-4093.090937678069;108.78618459797872;6.207301339600235e-08;-1166.6666666666667;1166.6666667287398
3.2440000000000024;5761463250.0;5786581421.0;558131.0;-3988.5516050802644;-4090.4081228871755;125.85615080754133;-1.864464138634503e-07;-16916.666666666668;16916.66666648022
3.2480000000000024;5745509043.0;5770480957.0;704388.0;-3988.551605080015;-4017.2022611318826;58.939340052022544;6.230038707144558e-08;-13833.333333333334;13833.333333395634
3.2520000000000024;5729554836.0;5754710083.0;521054.0;-3988.551605080015;-3950.7693228776307;-15.376960202544069;0.0;3416.6666666666665;-3416.6666666666665
3.2560000000000024;5713600629.0;5738675537.0;601393.0;-3988.551605079767;-4008.8515052449443;46.15979916490505;6.207301339600235e-08;12000.0;-11999.999999937927
3.2600000000000025;5697646422.0;5722701416.0;621307.0;-3988.5516050805127;-3981.802214159228;19.96681007929965;-1.864464138634503e-07;4416.666666666667;-4416.666666853113
3.2640000000000025;5681692215.0;5707150269.0;218247.0;-3988.551605079767;-3878.1106360878985;-101.0563479921575;1.864464138634503e-07;2500.0;-2499.9999998135536
3.2680000000000025;5665738007.0;5692060547.0;-646238.0;-3988.5516050795186;-3782.951397865504;-233.38844121474403;6.207301339600235e-08;13000.0;-12999.999999937927
3.2720000000000025;5649783800.0;5676624756.0;-1164654.0;-3988.5516050802644;-3854.1595689393057;-184.47215814035962;-1.864464138634503e-07;16500.0;-16500.000000186446
3.2760000000000025;5633829593.0;5660661621.0;-1155727.0;-3988.5516050795186;-3995.3404614664278;-42.9074046134283;1.864464138634503e-07;2000.0;-1999.9999998135536
3.2800000000000025;5617875386.0;5644401855.0;-850168.0;-3988.5516050795186;-4051.4973694939986;26.3885404140633;0.0;-18833.333333333332;18833.333333333332
3.2840000000000025;5601921179.0;5628213501.0;-616021.0;-3988.5516050805127;-4044.510175480839;29.469667401331662;-2.4851942725945264e-07;-20000.0;19999.999999751482
3.2880000000000025;5585966971.0;5612189941.0;-546668.0;-3988.551605080015;-4003.0549696941116;-9.003359385822023;1.2437340046744794e-07;-9166.666666666666;9166.66666679104
3.2920000000000025;5570012764.0;5595930176.0;-241110.0;-3988.551605080015;-4078.6409983445483;79.72166326421166;0.0;1833.3333333333333;-1833.3333333333333
3.2960000000000025;5554058557.0;5579637451.0;97407.0;-3988.551605079767;-4072.806805356555;88.4437012765311;6.207301339600235e-08;-2083.3333333333335;2083.3333333954065
3.3000000000000025;5538104350.0;5563416138.0;364513.0;-3988.5516050795186;-4041.811739549782;68.93419346978908;6.207301339600235e-08;-3583.3333333333335;3583.3333333954065
3.3040000000000025;5522150143.0;5547496948.0;329496.0;-3988.5516050805127;-3983.4441948638596;9.060917784212961;-2.4851942725945264e-07;750.0;-750.0000002485194
3.3080000000000025;5506195936.0;5531577759.0;294478.0;-3988.551605080015;-3980.0549837313147;4.165932651363164;1.2437340046744794e-07;8500.0;-8499.999999875627
3.3120000000000025;5490241728.0;5515394897.0;523133.0;-3988.551605080015;-4048.3232122093777;82.2663261291018;0.0;5500.0;-5500.0
3.3160000000000025;5474287521.0;5499442749.0;521074.0;-3988.5516050795186;-3978.1169655370786;11.971542457062242;1.241460267920047e-07;-1833.3333333333333;1833.3333334574793
3.3200000000000025;5458333314.0;5483941040.0;68575.0;-3988.5516050802644;-3877.2778601810933;-108.32501989878438;-1.864464138634503e-07;4333.333333333333;-4333.333333519779
3.3240000000000025;5442379107.0;5468571167.0;-515759.0;-3988.551605079767;-3863.344329339087;-147.38491274075932;1.2437340046744794e-07;13583.333333333334;-13583.33333320896
3.3280000000000025;5426424900.0;5452580566.0;-479365.0;-3988.5516050802644;-4012.1854268278967;3.021126747868948;-1.2437340046744794e-07;9833.333333333334;-9833.333333457707
3.3320000000000025;5410470693.0;5436139526.0;7468.0;-3988.5516050795186;-4106.5984839993525;118.36800291939198;1.864464138634503e-07;-11916.666666666666;11916.666666853112
3.3360000000000025;5394516485.0;5419852295.0;340492.0;-3988.551605079767;-4063.2400053913075;89.32955631133564;-6.207301339600235e-08;-21416.666666666668;21416.666666604593
3.3400000000000025;5378562278.0;5404010010.0;228570.0;-3988.5516050802644;-3964.4036731907613;-14.319421888882516;-1.2437340046744794e-07;-8083.333333333333;8083.33333320896
3.3440000000000025;5362608071.0;5388151245.0;133127.0;-3988.5516050795186;-3978.276404177923;-4.550739902060286;1.864464138634503e-07;9750.0;-9749.999999813554
3.3480000000000025;5346653864.0;5371935425.0;394740.0;-3988.5516050805127;-4062.0921038650163;90.51431878505446;-2.4851942725945264e-07;7750.0;-7750.000000248519
3.3520000000000025;5330699657.0;5355752563.0;623395.0;-3988.551605079767;-4034.179018712137;72.43339863220854;1.864464138634503e-07;-4500.0;4500.000000186446
3.3560000000000025;5314745449.0;5339888306.0;533445.0;-3988.5516050795186;-3955.817153734561;-9.796316345709329;6.207301339600235e-08;-4666.666666666667;4666.66666672874
3.3600000000000025;5298791242.0;5324337158.0;130386.0;-3988.5516050805127;-3899.344280694727;-83.60072638495285;-2.4851942725945264e-07;7750.0;-7750.000000248519
3.3640000000000025;5282837035.0;5308621216.0;-107880.0;-3988.5516050795186;-3940.7037436884307;-52.48670139148908;2.4851942725945264e-07;13750.0;-13749.99999975148
3.3680000000000025;5266882828.0;5292509766.0;49363.0;-3988.5516050802644;-4027.1939567890095;40.76496070888015;-1.864464138634503e-07;2083.3333333333335;-2083.33333351978
3.3720000000000026;5250928621.0;5276359863.0;245059.0;-3988.551605079767;-4026.8568075700477;48.84273949021053;1.2437340046744794e-07;-10833.333333333334;10833.333333457707
3.3760000000000026;5234974414.0;5260347290.0;303425.0;-3988.5516050795186;-4003.4580926087833;27.953762528692096;6.207301339600235e-08;-9583.333333333334;9583.333333395407
3.3800000000000026;5219020206.0;5244406128.0;290380.0;-3988.5516050802644;-3998.630088142291;22.56482306261705;-1.864464138634503e-07;-166.66666666666666;166.66666648022024
3.3840000000000026;5203065999.0;5228129883.0;612418.0;-3988.551605079767;-4071.033566333428;108.81593525365497;1.2437340046744794e-07;1333.3333333333333;-1333.3333332089599
3.3880000000000026;5187111792.0;5211968994.0;819099.0;-3988.5516050802644;-4029.9484870951214;76.61813901505184;-1.2437340046744794e-07;-4333.333333333333;4333.33333320896
3.3920000000000026;5171157585.0;5196417847.0;416039.0;-3988.5516050795186;-3882.8132463663183;-87.84868171363541;1.864464138634503e-07;1583.3333333333333;-1583.3333331468868
3.3960000000000026;5155203378.0;5181251221.0;-371542.0;-3988.551605080015;-3799.845092531208;-204.6828185487907;-1.241460267920047e-07;16833.333333333332;-16833.333333457478
3.4000000000000026;5139249170.0;5165716553.0;-791081.0;-3988.551605080015;-3895.992952201199;-126.57513587851008;0.0;20000.0;-20000.0
3.4040000000000026;5123294963.0;5149802856.0;-831591.0;-3988.5516050805127;-3972.8065880657173;-51.503430014261085;-1.2437340046744794e-07;2083.3333333333335;-2083.333333457707
3.4080000000000026;5107340756.0;5133916626.0;-899569.0;-3988.551605079767;-3966.890885497544;-60.342186582671275;1.864464138634503e-07;-12750.0;12750.000000186446
3.4120000000000026;5091386549.0;5118068848.0;-1005998.0;-3988.5516050795186;-3959.7278841881416;-72.08163489205663;6.207301339600235e-08;-11416.666666666666;11416.666666728739
3.4160000000000026;5075432342.0;5101984863.0;-876220.0;-3988.5516050805127;-4029.638863482125;3.409798402409706;-2.4851942725945264e-07;-3583.3333333333335;3583.333333084814
3.4200000000000026;5059478135.0;5085505371.0;-350935.0;-3988.5516050795186;-4111.704969585888;108.06315950596763;2.4851942725945264e-07;-8083.333333333333;8083.3333335818525
3.4240000000000026;5043523927.0;5069080811.0;119418.0;-3988.5516050795186;-4099.173468380626;115.75683730051514;0.0;-12833.333333333334;12833.333333333334
3.4280000000000026;5027569720.0;5053002319.0;243703.0;-3988.5516050805127;-4013.8695387397597;35.79716266022933;-2.4851942725945264e-07;-7083.333333333333;7083.333333084814
3.4320000000000026;5011615513.0;5037083130.0;208684.0;-3988.5516050795186;-3983.4815221916624;3.9033291117357294;2.4851942725945264e-07;7333.333333333333;-7333.333333084814
3.4360000000000026;4995661306.0;5021004639.0;332968.0;-3988.5516050802644;-4025.715746159334;51.48176507925382;-1.864464138634503e-07;10416.666666666666;-10416.666666853112
3.4400000000000026;4979707099.0;5004667969.0;715431.0;-3988.551605079767;-4068.8194837742894;111.03141169444052;1.2437340046744794e-07;333.3333333333333;-333.3333332089599
3.4440000000000026;4963752892.0;4988633423.0;795770.0;-3988.5516050795186;-4003.00082841064;48.66733333058164;6.207301339600235e-08;-4833.333333333333;4833.333333395406
3.4480000000000026;4947798684.0;4973159180.0;315806.0;-3988.5516050802644;-3866.5206533211285;-108.45129375855913;-1.864464138634503e-07;4583.333333333333;-4583.333333519779
3.4520000000000026;4931844477.0;4957822266.0;-301487.0;-3988.551605080015;-3848.780007057745;-152.73553902208596;6.230038707144558e-08;19250.0;-19249.9999999377
3.4560000000000026;4915890270.0;4942040405.0;-473834.0;-3988.551605080015;-3952.7541343730054;-56.17233270716633;0.0;13000.0;-13000.0
3.4600000000000026;4899936063.0;4925786133.0;-173769.0;-3988.551605079767;-4062.161444216635;66.13777213656704;6.207301339600235e-08;-5666.666666666667;5666.66666672874
3.4640000000000026;4883981856.0;4909696655.0;-38498.0;-3988.5516050805127;-4017.9263886051513;27.719369525244474;-1.864464138634503e-07;-18500.0;18499.999999813554
3.4680000000000026;4868027648.0;4893766479.0;-62529.0;-3988.551605079767;-3980.6757692049964;-10.564582875100768;1.864464138634503e-07;-8916.666666666666;8916.666666853112
3.4720000000000026;4852073441.0;4877693481.0;56262.0;-3988.5516050802644;-4033.0770061647036;46.94466708446953;-1.2437340046744794e-07;1333.3333333333333;-1333.3333334577067
3.4760000000000026;4836119234.0;4861345825.0;449710.0;-3988.5516050795186;-4074.021321299758;104.80724621978607;1.864464138634503e-07;-750.0;750.0000001864464
3.4800000000000026;4820165027.0;4845261841.0;579487.0;-3988.5516050795186;-4014.609440703474;50.975776623542515;0.0;-4833.333333333333;4833.333333333333
3.4840000000000027;4804210820.0;4829397583.0;489538.0;-3988.5516050802644;-3956.5428158168756;-10.958655262670163;-1.864464138634503e-07;-583.3333333333334;583.333333146887
3.4880000000000027;4788256613.0;4813676147.0;256767.0;-3988.551605079767;-3947.2179247937574;-30.292699286064817;1.2437340046744794e-07;11333.333333333334;-11333.33333320896
3.4920000000000027;4772302405.0;4797778931.0;199776.0;-3988.551605080015;-3972.2517047981955;-7.709532281851352;-6.207301339600235e-08;7916.666666666667;-7916.66666672874
3.4960000000000027;4756348198.0;4781788330.0;236170.0;-3988.551605080015;-3989.6438229157216;11.24752783584745;0.0;583.3333333333334;-583.3333333333334
3.5000000000000027;4740393991.0;4766055908.0;14384.0;-3988.551605079767;-3938.8398616079166;-49.093231472050775;6.207301339600235e-08;-2833.3333333333335;2833.3333333954065
3.5040000000000027;4724439784.0;4750213623.0;-97538.0;-3988.551605080015;-3963.4847004768963;-29.261038603033285;-6.207301339600235e-08;1583.3333333333333;-1583.3333333954063
3.5080000000000027;4708485577.0;4734118652.0;43226.0;-3988.5516050795186;-4036.4529410105683;49.760053930700906;1.241460267920047e-07;416.6666666666667;-416.66666654252066
3.5120000000000027;4692531369.0;4717677612.0;530059.0;-3988.5516050805127;-4102.272294274472;136.513226194671;-2.4851942725945264e-07;-9833.333333333334;9833.333333084815
3.5160000000000027;4676577162.0;4701456299.0;797165.0;-3988.551605080015;-4054.3249462821072;100.05143620217905;1.2437340046744794e-07;-11833.333333333334;11833.333333457707
3.5200000000000027;4660622955.0;4685762329.0;536927.0;-3988.5516050802644;-3910.6779786272164;-54.78576545311489;-6.230038707144558e-08;-1083.3333333333333;1083.3333332710329
3.5240000000000027;4644668748.0;4670381470.0;-36421.0;-3988.5516050795186;-3855.1696973178014;-134.94801076236627;1.864464138634503e-07;17666.666666666668;-17666.66666648022
3.5280000000000027;4628714541.0;4654758911.0;-368069.0;-3988.551605079767;-3901.5900102266037;-102.78856185339873;-6.207301339600235e-08;17416.666666666668;-17416.666666728743
3.5320000000000027;4612760334.0;4638861694.0;-425059.0;-3988.5516050802644;-3975.0593337725363;-31.769808307105905;-1.2437340046744794e-07;5083.333333333333;-5083.333333457706
3.5360000000000027;4596806126.0;4623233643.0;-751215.0;-3988.5516050795186;-3896.129099866584;-124.72475021333912;1.864464138634503e-07;-7000.0;7000.000000186446
3.5400000000000027;4580851919.0;4607633057.0;-1104836.0;-3988.551605079767;-3904.2509747322983;-131.80857834769813;-6.207301339600235e-08;-1500.0;1499.999999937927
3.5440000000000027;4564897712.0;4591587524.0;-1013511.0;-3988.5516050802644;-4017.887619440265;-14.244958639369543;-1.2437340046744794e-07;-1000.0;999.9999998756266
3.5480000000000027;4548943505.0;4575151978.0;-532172.0;-3988.5516050795186;-4111.101434619904;99.66643353991776;1.864464138634503e-07;-9250.0;9250.000000186446
3.5520000000000027;4532989298.0;4558782349.0;-116750.0;-3988.551605080015;-4069.299886263676;75.72803118374031;-1.241460267920047e-07;-18916.666666666668;18916.666666542522
3.5560000000000027;4517035091.0;4542835693.0;-124301.0;-3988.5516050802644;-3992.2981849670077;-1.5983631127169247;-6.230038707144558e-08;-6666.666666666667;6666.666666604367
3.5600000000000027;4501080883.0;4526921997.0;-164812.0;-3988.5516050795186;-3987.2289020423927;-8.409619037734046;1.864464138634503e-07;7333.333333333333;-7333.333333146887
3.5640000000000027;4485126676.0;4510629272.0;173706.0;-3988.5516050805127;-4081.3609013995565;100.2786543195848;-2.4851942725945264e-07;8416.666666666666;-8416.666666915185
3.5680000000000027;4469172469.0;4494248657.0;600113.0;-3988.551605079767;-4083.2567043073627;120.50995822744653;1.864464138634503e-07;-6000.0;6000.000000186446
3.5720000000000027;4453218262.0;4478186646.0;707917.0;-3988.5516050798915;-4009.435750070166;51.32457598990686;-3.115019353572279e-08;-6666.666666666667;6666.666666635517
3.5760000000000027;4437264055.0;4462586060.0;354296.0;-3988.5516050802644;-3904.2892598351427;-69.02761724464699;-9.322320693172514e-08;5583.333333333333;-5583.333333426556
3.5800000000000027;4421309847.0;4446952515.0;33634.0;-3988.5516050795186;-3910.248775447704;-76.85656763232555;1.864464138634503e-07;16833.333333333332;-16833.333333146886
3.5840000000000027;4405355640.0;4431181641.0;-149699.0;-3988.5516050798915;-3948.6060096370356;-46.38265244294371;-9.322320693172514e-08;11166.666666666666;-11166.66666675989
3.5880000000000027;4389401433.0;4415311890.0;-234156.0;-3988.55160508014;-3956.4612488719076;-42.15906420776764;-6.207301339600235e-08;-1000.0;999.999999937927
3.5920000000000027;4373447226.0;4399508057.0;-384530.0;-3988.5516050798915;-3965.3143155139537;-39.77207956605389;6.207301339600235e-08;-4000.0;4000.000000062073
3.5960000000000027;4357493019.0;4383544922.0;-375602.0;-3988.5516050798915;-3996.2106301851272;-8.491860894904221;0.0;-4500.0;4500.0
3.6000000000000028;4341538812.0;4367263184.0;-48071.0;-3988.5516050802644;-4078.911811912451;88.29315383253834;-9.322320693172514e-08;-5166.666666666667;5166.666666573444
3.6040000000000028;4325584604.0;4350959473.0;301433.0;-3988.5516050795186;-4066.8141536138914;91.2241675338496;1.864464138634503e-07;-11666.666666666666;11666.666666853112
3.6080000000000028;4309630397.0;4334798584.0;508115.0;-3988.55160508014;-4024.892718966726;58.19005888676247;-1.552962203277275e-07;-7166.666666666667;7166.666666511371
3.6120000000000028;4293676190.0;4318978271.0;374220.0;-3988.5516050798915;-3966.2451313746906;-6.215013705093952;6.207301339600235e-08;3250.0;-3249.999999937927
3.6160000000000028;4277721983.0;4302971191.0;427093.0;-3988.5516050798915;-4001.80677719621;31.62017111619707;0.0;9333.333333333334;-9333.333333333334
3.6200000000000028;4261767776.0;4286903687.0;540390.0;-3988.55160508014;-4017.5565875266957;52.241752446792816;-6.207301339600235e-08;4250.0;-4250.000000062073
3.6240000000000028;4245813569.0;4271061401.0;428469.0;-3988.5516050798915;-3945.1511767247616;-24.97626135522205;6.207301339600235e-08;-1250.0;1250.000000062073
3.628000000000003;4229859361.0;4255515747.0;19916.0;-3988.5516050796423;-3902.9952776118835;-84.69993946818568;6.230038707144558e-08;5750.0;-5749.9999999377
3.632000000000003;4213905154.0;4239849243.0;-267787.0;-3988.55160508014;-3930.7405602481085;-69.32588583164352;-1.2437340046744794e-07;9500.0;-9500.000000124373
3.636000000000003;4197950947.0;4223616943.0;10305.0;-3988.5516050798915;-4065.5269539969004;77.4184639170362;6.207301339600235e-08;1416.6666666666667;-1416.6666666045937
3.640000000000003;4181996740.0;4207142944.0;530097.0;-3988.5516050798915;-4111.262672816098;145.50523873608108;0.0;-16333.333333333334;16333.333333333334
3.644000000000003;4166042533.0;4191026001.0;692833.0;-3988.55160508014;-4018.3723807369656;59.612594657074624;-6.207301339600235e-08;-15500.0;15499.999999937927
3.648000000000003;4150088325.0;4175271606.0;493021.0;-3988.5516050798915;-3943.0291173765418;-24.32258470344459;6.207301339600235e-08;916.6666666666666;-916.6666666045936
3.652000000000003;4134134118.0;4159445801.0;364619.0;-3988.5516050795186;-3952.935929769259;-19.93705831076022;9.322320693172514e-08;13000.0;-12999.999999906777
3.656000000000003;4118179911.0;4143630981.0;225231.0;-3988.5516050802644;-3963.4887973840146;-15.377874695761875;-1.864464138634503e-07;11166.666666666666;-11166.666666853112
3.660000000000003;4102225704.0;4128035889.0;-133884.0;-3988.5516050798915;-3891.342298096547;-102.96631898326905;9.322320693172514e-08;3083.3333333333335;-3083.3333332401103
3.664000000000003;4086271497.0;4112567139.0;-619341.0;-3988.55160508014;-3868.518260374922;-146.66500770520224;-6.207301339600235e-08;6000.0;-6000.000000062073
3.668000000000003;4070317290.0;4097070923.0;-1077332.0;-3988.5516050798915;-3878.2883080992888;-156.5885729807137;6.207301339600235e-08;6500.0;-6499.999999937927
3.672000000000003;4054363082.0;4081102295.0;-1062911.0;-3988.5516050798915;-3992.4505107948353;-41.80626728521656;0.0;833.3333333333334;-833.3333333333334
3.676000000000003;4038408875.0;4064891968.0;-806791.0;-3988.5516050795186;-4043.200613884479;19.95699580458313;9.322320693172514e-08;-13166.666666666666;13166.66666675989
3.680000000000003;4022454668.0;4048676147.0;-545178.0;-3988.5516050802644;-4045.5266293100512;33.5323702303067;-1.864464138634503e-07;-15666.666666666666;15666.66666648022
3.684000000000003;4006500461.0;4032625122.0;-448360.0;-3988.5516050798915;-4017.517084762452;9.685999682623333;9.322320693172514e-08;-8166.666666666667;8166.66666675989
3.688000000000003;3990546254.0;4016552124.0;-329569.0;-3988.55160508014;-4023.053934150098;20.33086206998496;-6.207301339600235e-08;1500.0;-1500.000000062073
3.692000000000003;3974592046.0;4000100098.0;168250.0;-3988.5516050795186;-4101.760513929289;120.44365884927447;1.552962203277275e-07;-833.3333333333334;833.3333334886296
3.696000000000003;3958637839.0;3983708496.0;605645.0;-3988.5516050798915;-4090.7304556946624;128.22158561480182;-9.322320693172514e-08;-7166.666666666667;7166.666666573444
3.700000000000003;3942683632.0;3967679443.0;680490.0;-3988.5516050802644;-3997.467783616597;38.177248536902425;-9.322320693172514e-08;-3416.6666666666665;3416.6666665734433
3.704000000000003;3926729425.0;3951897583.0;508143.0;-3988.5516050798915;-3947.0281720931403;-19.673283986873685;9.322320693172514e-08;8416.666666666666;-8416.666666573443
3.708000000000003;3910775218.0;3935912476.0;539043.0;-3988.551605079767;-3987.6837563540766;22.311000273959962;3.115019353572279e-08;11666.666666666666;-11666.666666635516
3.712000000000003;3894821011.0;3920064697.0;432615.0;-3988.5516050802644;-3954.5159265935945;-15.433233486264726;-1.2437340046744794e-07;6083.333333333333;-6083.333333457706
3.716000000000003;3878866803.0;3904606934.0;-63829.0;-3988.5516050798915;-3858.0828920457698;-133.2133600341981;9.322320693172514e-08;4416.666666666667;-4416.666666573444
3.720000000000003;3862912596.0;3889226074.0;-637176.0;-3988.5516050798915;-3854.6498129455113;-161.30036013457902;0.0;11000.0;-11000.0
3.724000000000003;3846958389.0;3873268433.0;-633743.0;-3988.5516050798915;-3995.561330891585;-20.241223188316326;0.0;5583.333333333333;-5583.333333333333
3.728000000000003;3831004182.0;3856777954.0;-97471.0;-3988.551605079767;-4114.336735304964;121.59387722507608;3.115019353572279e-08;-12500.0;12500.00000003115
3.732000000000003;3815049975.0;3840463257.0;263019.0;-3988.5516050798915;-4072.831451468557;95.58966338867731;-3.115019353572279e-08;-22416.666666666668;22416.666666635516
3.736000000000003;3799095768.0;3824450684.0;321385.0;-3988.5516050798915;-3996.5532199194136;21.82116983959031;0.0;-10750.0;10750.0
3.740000000000003;3783141560.0;3808542480.0;275382.0;-3988.5516050798915;-3989.2679408631734;12.557761783285514;0.0;7416.666666666667;-7416.666666666667
3.744000000000003;3767187353.0;3792392578.0;471077.0;-3988.5516050798915;-4044.439085643744;76.1437915638653;0.0;8500.0;-8500.0
3.748000000000003;3751233146.0;3776132813.0;776634.0;-3988.55160508014;-4057.1977841058;102.04144102590271;-6.207301339600235e-08;-1250.0;1249.999999937927
3.752000000000003;3735278939.0;3760339966.0;615274.0;-3988.5516050798915;-3948.055732751936;-14.03909032801721;6.207301339600235e-08;-2916.6666666666665;2916.6666667287395
3.756000000000003;3719324732.0;3744838257.0;162776.0;-3988.5516050802644;-3870.4180749035386;-111.13416217651229;-9.322320693172514e-08;8000.0;-8000.000000093223
3.760000000000003;3703370524.0;3729292603.0;-245777.0;-3988.5516050798915;-3909.152412427226;-89.96760365279852;9.322320693172514e-08;16666.666666666668;-16666.666666573445
3.764000000000003;3687416317.0;3713241577.0;-148958.0;-3988.5516050798915;-4009.8662927453984;14.90949366527957;0.0;4166.666666666667;-4166.666666666667
3.768000000000003;3671462110.0;3697025757.0;112654.0;-3988.5516050795186;-4060.617415675106;76.90993259517563;9.322320693172514e-08;-10250.0;10250.000000093223
3.772000000000003;3655507903.0;3681024170.0;160034.0;-3988.55160508014;-3997.9226569012144;16.252513821439607;-1.552962203277275e-07;-14750.0;14749.999999844704
3.776000000000003;3639553696.0;3665055542.0;174455.0;-3988.5516050802644;-3991.8580747265387;10.808034646759552;-3.115019353572279e-08;-2583.3333333333335;2583.3333333021833
3.780000000000003;3623599489.0;3648872681.0;403109.0;-3988.5516050798915;-4050.567765619962;79.34984753978097;9.322320693172514e-08;1583.3333333333333;-1583.33333324011
3.784000000000003;3607645281.0;3632766724.0;554859.0;-3988.5516050795186;-4001.0403538342807;36.34768575414455;9.322320693172514e-08;-1500.0;1500.0000000932232
3.788000000000003;3591691074.0;3617248535.0;118841.0;-3988.551605080015;-3881.6621863629966;-101.77925571676587;-1.241460267920047e-07;4000.0;-4000.000000124146
3.792000000000003;3575736867.0;3601878662.0;-465494.0;-3988.551605080015;-3842.642675223509;-165.92517185620636;0.0;13083.333333333334;-13083.333333333334
3.796000000000003;3559782660.0;3586195679.0;-736718.0;-3988.551605080015;-3936.3566474169475;-83.8738316630579;0.0;15750.0;-15750.0
3.800000000000003;3543828453.0;3570155640.0;-650886.0;-3988.5516050798915;-3998.927761744544;-17.611941335460415;3.092281986027956e-08;-3250.0;3250.000000030923
3.804000000000003;3527874245.0;3554159546.0;-608999.0;-3988.551605080015;-3989.1692928736325;-25.569269206352146;-3.092281986027956e-08;-12416.666666666666;12416.666666635743
3.808000000000003;3511920038.0;3538410645.0;-814305.0;-3988.55160508014;-3939.055390334854;-84.51132974508664;-3.115019353572279e-08;-8500.0;8499.99999996885
3.812000000000003;3495965831.0;3522447510.0;-805378.0;-3988.5516050795186;-4006.185661530979;-16.997197549090743;1.552962203277275e-07;2750.0;-2749.999999844704
3.816000000000003;3480011624.0;3506182251.0;-494326.0;-3988.551605080015;-4073.9840526413545;64.17642956145255;-1.241460267920047e-07;-2250.0;2249.999999875854
3.820000000000003;3464057417.0;3489675293.0;58425.0;-3988.551605080015;-4108.388577829165;122.34924774944557;0.0;-12000.0;12000.0
3.824000000000003;3448103210.0;3473437500.0;342011.0;-3988.551605080015;-4061.184176843798;87.33904476378802;0.0;-11583.333333333334;11583.333333333334
3.828000000000003;3432149002.0;3457369995.0;455309.0;-3988.5516050798915;-4009.2755107067564;40.302192626719716;3.092281986027956e-08;-666.6666666666666;666.6666666975894
3.832000000000003;3416194795.0;3441329956.0;541141.0;-3988.55160508014;-4020.833678759221;55.55113667928117;-6.207301339600235e-08;9250.0;-9250.000000062073
3.836000000000003;3400240588.0;3425130615.0;786274.0;-3988.551605080015;-4043.8557258379833;89.11390275796884;3.115019353572279e-08;4166.666666666667;-4166.666666635517
3.840000000000003;3384286381.0;3409156494.0;806188.0;-3988.5516050795186;-3981.7594919783605;27.87397089825936;1.241460267920047e-07;1250.0;-1249.999999875854
3.844000000000003;3368332174.0;3393792114.0;216361.0;-3988.551605080015;-3834.6252446887233;-144.62283739111353;-1.241460267920047e-07;6750.0;-6750.000000124146
3.848000000000003;3352377967.0;3378526611.0;-472343.0;-3988.551605080015;-3823.810306176936;-185.0520479027823;0.0;18750.0;-18750.0
3.852000000000003;3336423759.0;3362827148.0;-727087.0;-3988.5516050798915;-3946.335960689554;-73.48038539046502;3.092281986027956e-08;14166.666666666666;-14166.666666635743
3.856000000000003;3320469552.0;3346611328.0;-465474.0;-3988.551605079767;-4042.3728016508817;33.8058145708892;3.115019353572279e-08;-7416.666666666667;7416.666666697817
3.860000000000003;3304515345.0;3330390015.0;-198369.0;-3988.551605080015;-4044.023358306147;46.94188622630281;-6.207301339600235e-08;-20666.666666666668;20666.666666604593
3.864000000000003;3288561138.0;3314437866.0;-200427.0;-3988.5516050798915;-3985.1046858859268;-12.065280193939998;3.092281986027956e-08;-13833.333333333334;13833.333333364257
3.868000000000003;3272606931.0;3298282471.0;761.0;-3988.551605080015;-4046.230393980557;57.71151190059254;-3.092281986027956e-08;583.3333333333334;-583.3333333642562
3.872000000000003;3256652723.0;3281857910.0;471115.0;-3988.551605080015;-4105.9306505891645;137.6369905092206;0.0;-1083.3333333333333;1083.3333333333333
3.876000000000003;3240698516.0;3265548706.0;826112.0;-3988.551605080015;-4067.26566033281;114.23687125278047;0.0;-6916.666666666667;6916.666666666667
3.880000000000003;3224744309.0;3249695435.0;725175.0;-3988.55160508014;-3962.1295859878715;4.760505907861443;-3.115019353572279e-08;-1250.0;1249.9999999688498
3.884000000000003;3208790102.0;3234105835.0;360568.0;-3988.5516050795186;-3905.2696075990907;-67.77757348098112;1.552962203277275e-07;12750.0;-12749.999999844704
3.888000000000003;3192835895.0;3218225098.0;287098.0;-3988.5516050798915;-3974.311389499869;-1.8950015800269284;-9.322320693172514e-08;14666.666666666666;-14666.66666675989
3.892000000000003;3176881688.0;3202305908.0;252081.0;-3988.551605080015;-3977.651506326107;-0.06061575355079185;-3.092281986027956e-08;2750.0;-2750.000000030923
3.896000000000003;3160927480.0;3186491089.0;112693.0;-3988.551605080015;-3941.3522112942655;-42.35359478567034;0.0;-4250.0;4250.0
3.900000000000003;3144973273.0;3170813599.0;-164024.0;-3988.551605080015;-3932.1931111581343;-63.41152592186381;0.0;500.0;-500.0
3.904000000000003;3129019066.0;3154696655.0;-1288.0;-3988.551605079767;-4026.0132873315233;37.40629825150427;6.207301339600235e-08;583.3333333333334;-583.3333332712604
3.908000000000003;3113064859.0;3138332520.0;408640.0;-3988.5516050798915;-4097.914109407425;126.93402432748917;-3.115019353572279e-08;-7166.666666666667;7166.666666635517
3.912000000000003;3097110652.0;3122116699.0;670254.0;-3988.551605080015;-4024.8944037122224;65.16372063242125;-3.092281986027956e-08;-14416.666666666666;14416.666666635743
3.916000000000003;3081156445.0;3106466675.0;366071.0;-3988.551605080015;-3904.977881271681;-67.83267080826636;0.0;250.0;-250.0
3.920000000000003;3065202237.0;3091140747.0;-262208.0;-3988.5516050798915;-3835.1193633865155;-164.70718569350993;3.092281986027956e-08;16166.666666666666;-16166.666666635743
3.924000000000003;3049248030.0;3075369873.0;-445541.0;-3988.551605080015;-3948.183057755886;-59.52681032407099;-3.092281986027956e-08;18416.666666666668;-18416.66666669759
3.928000000000003;3033293823.0;3059423218.0;-453094.0;-3988.551605079767;-3989.2803587666936;-18.754288313232337;6.207301339600235e-08;333.3333333333333;-333.3333332712603
3.932000000000003;3017339616.0;3043575439.0;-559522.0;-3988.551605080015;-3942.465651942147;-70.14539913776616;-6.207301339600235e-08;-10583.333333333334;10583.333333271261
3.936000000000003;3001385409.0;3027952881.0;-891171.0;-3988.5516050798915;-3921.2590226838647;-105.61293539599455;3.092281986027956e-08;-3333.3333333333335;3333.3333333642563
3.940000000000003;2985431201.0;3012220459.0;-1112956.0;-3988.551605080015;-3944.0373154573517;-92.37139762260585;-3.092281986027956e-08;4250.0;-4250.000000030923
3.944000000000003;2969476994.0;2995922241.0;-768945.0;-3988.551605080015;-4087.82694930115;66.21070922119861;0.0;-416.6666666666667;416.6666666666667
3.948000000000003;2953522787.0;2979563599.0;-364511.0;-3988.5516050798915;-4082.508606606165;78.28302852612205;3.092281986027956e-08;-15500.0;15500.000000030923
3.952000000000003;2937568580.0;2963408203.0;-163322.0;-3988.5516050796423;-4033.9967484408803;38.42229736089894;6.230038707144558e-08;-12166.666666666666;12166.666666728966
3.956000000000003;2921614373.0;2947417603.0;-126929.0;-3988.55160508014;-4004.677826224223;10.668274144421957;-1.2437340046744794e-07;-1166.6666666666667;1166.6666665422933
3.960000000000003;2905660166.0;2930987549.0;348918.0;-3988.551605079767;-4106.814025616482;133.26589453664428;9.322320693172514e-08;4250.0;-4249.999999906777
3.964000000000003;2889705958.0;2914524536.0;857724.0;-3988.55160508014;-4112.699326027561;161.02985294757173;-9.322320693172514e-08;-4500.0;4499.999999906777
3.968000000000003;2873751751.0;2898446045.0;982008.0;-3988.551605080015;-4000.4726450105495;54.14738393063499;3.115019353572279e-08;-5750.0;5750.00000003115
3.972000000000003;2857797544.0;2882971802.0;502043.0;-3988.551605080015;-3873.5361589004397;-93.42759717965646;0.0;9833.333333333334;-9833.333333333334
3.976000000000003;2841843337.0;2867601929.0;-82291.0;-3988.5516050795186;-3851.980168314904;-140.10994976513302;1.241460267920047e-07;22583.333333333332;-22583.333333209186
3.980000000000003;2825889130.0;2851869507.0;-304076.0;-3988.551605080015;-3937.009216164429;-64.61765691538903;-1.241460267920047e-07;16333.333333333334;-16333.33333345748
3.984000000000003;2809934922.0;2836005249.0;-394025.0;-3988.55160508014;-3964.287982658906;-41.20669742080554;-3.115019353572279e-08;-2000.0;1999.9999999688498
3.988000000000003;2793980715.0;2820119019.0;-462002.0;-3988.551605080015;-3962.2980599014927;-46.11963117856567;3.115019353572279e-08;-10750.0;10750.00000003115
3.992000000000003;2778026508.0;2804161377.0;-458568.0;-3988.5516050798915;-4001.79087000935;-6.479159070713649;3.092281986027956e-08;-7083.333333333333;7083.333333364256
3.996000000000003;2762072301.0;2787863159.0;-114557.0;-3988.5516050795186;-4071.0049723445272;77.52741626452598;9.322320693172514e-08;-6833.333333333333;6833.333333426556
4.000000000000003;2746118094.0;2771411133.0;383262.0;-3988.551605080015;-4117.435314161509;145.36397508175287;-1.241460267920047e-07;-9666.666666666666;9666.66666654252
4.004000000000002;2730163887.0;2755178833.0;661355.0;-3988.551605080015;-4047.395406448357;87.28206636863797;0.0;-10916.666666666666;10916.666666666666
4.008000000000002;2714209679.0;2739188232.0;697749.0;-3988.551605080015;-4002.0436275597476;43.4952294797331;0.0;1666.6666666666667;-1666.6666666666667
4.012000000000001;2698255472.0;2723362427.0;569347.0;-3988.55160508014;-3966.174827216128;2.105143136127481;-3.115019353572279e-08;10000.0;-10000.00000003115
4.016000000000001;2682301265.0;2707283936.0;693630.0;-3988.5516050798915;-4020.163578593122;61.438063513042835;6.207301339600235e-08;9333.333333333334;-9333.333333271261
4.0200000000000005;2666347058.0;2691436157.0;587202.0;-3988.551605080015;-3955.5445264140817;-7.757392665943826;-3.092281986027956e-08;1500.0;-1500.0000000309228
4.024;2650392851.0;2675983887.0;85265.0;-3988.5516050796423;-3856.2473105446006;-128.63789953534842;9.322320693172514e-08;5000.0;-4999.999999906777
4.028;2634438644.0;2660526123.0;-411178.0;-3988.551605080015;-3877.198922955096;-129.03333612475308;-9.322320693172514e-08;11750.0;-11750.000000093223
4.031999999999999;2618484436.0;2644590454.0;-429716.0;-3988.5516050798915;-3989.269460418299;-17.75993266148498;3.092281986027956e-08;6333.333333333333;-6333.33333330241
4.035999999999999;2602530229.0;2628072510.0;134021.0;-3988.551605080015;-4116.2034837308265;133.41478165086346;-3.092281986027956e-08;-12833.333333333334;12833.333333302411
4.039999999999998;2586576022.0;2611851196.0;401127.0;-3988.551605079767;-4040.4882757469545;69.18513166700814;6.207301339600235e-08;-21500.0;21500.00000006207
4.043999999999998;2570621815.0;2596047363.0;250753.0;-3988.5516050798915;-3939.391118888201;-38.378107191736035;-3.115019353572279e-08;-6583.333333333333;6583.333333302183
4.047999999999997;2554667608.0;2580496216.0;-152307.0;-3988.551605080015;-3908.8542692372;-86.24653684261784;-3.092281986027956e-08;14000.0;-14000.000000030923
4.051999999999997;2538713400.0;2564631958.0;-242256.0;-3988.551605080015;-3961.399618268026;-37.56899481190703;0.0;14250.0;-14250.0
4.0559999999999965;2522759193.0;2548668823.0;-233328.0;-3988.5516050798915;-3978.0117315899192;-20.57297749008285;3.092281986027956e-08;1583.3333333333333;-1583.3333333024104
4.059999999999996;2506804986.0;2532963867.0;-482580.0;-3988.551605080015;-3919.9893821173832;-89.31316296259592;-3.092281986027956e-08;-5250.0;5249.999999969077
4.063999999999996;2490850779.0;2517324829.0;-797749.0;-3988.55160508014;-3917.81820564197;-105.03660643797093;-3.115019353572279e-08;2166.6666666666665;-2166.6666666978167
4.067999999999995;2474896572.0;2501482544.0;-909671.0;-3988.551605079767;-3974.5624981727096;-53.10495990737127;9.322320693172514e-08;4833.333333333333;-4833.33333324011
4.071999999999995;2458942365.0;2485255737.0;-637071.0;-3988.551605079767;-4040.1674297961313;24.22177171614294;0.0;-5333.333333333333;5333.333333333333
4.075999999999994;2442988157.0;2469138794.0;-474335.0;-3988.551605080015;-4025.626192388233;16.678182308468422;-6.207301339600235e-08;-11250.0;11249.999999937927
4.079999999999994;2427033950.0;2453192139.0;-481887.0;-3988.551605080015;-3982.1117174316814;-27.161028648182764;0.0;-6750.0;6750.0
4.083999999999993;2411079743.0;2437069702.0;-313658.0;-3988.551605079767;-4040.5352945003156;38.496395420319004;6.207301339600235e-08;2416.6666666666665;-2416.6666666045935
4.087999999999993;2395125536.0;2420623169.0;178668.0;-3988.5516050798915;-4110.932482533582;130.0636014536467;-3.115019353572279e-08;-2916.6666666666665;2916.6666666355163
4.0919999999999925;2379171329.0;2404017334.0;830296.0;-3988.5516050798915;-4138.269981650749;185.4211045709435;0.0;-11000.0;11000.0
4.095999999999992;2363217121.0;2387955322.0;938101.0;-3988.551605080015;-4017.0826684542076;68.86940637431144;-3.092281986027956e-08;-7333.333333333333;7333.33333330241
4.099999999999992;2347262914.0;2372167969.0;771247.0;-3988.551605080015;-3946.09660150153;-9.291382578396679;0.0;8250.0;-8250.0
4.103999999999991;2331308707.0;2356517944.0;467064.0;-3988.551605080015;-3926.9269940051086;-41.54085907489298;0.0;18500.0;-18500.0
4.107999999999991;2315354500.0;2340758057.0;272744.0;-3988.551605080015;-3921.0939604136256;-55.72965266639585;0.0;11833.333333333334;-11833.333333333334
4.11199999999999;2299400293.0;2325245361.0;-168767.0;-3988.551605079767;-3876.244109720243;-119.56447635976747;6.207301339600235e-08;6333.333333333333;-6333.33333327126
4.11599999999999;2283446086.0;2309815063.0;-692676.0;-3988.5516050798915;-3860.69296386222;-157.64370921770433;-3.115019353572279e-08;4416.666666666667;-4416.666666697817
4.1199999999999894;2267491878.0;2294000244.0;-832064.0;-3988.5516050798915;-3962.4466564361883;-61.88370064362471;0.0;3833.3333333333335;-3833.3333333333335
4.123999999999989;2251537671.0;2277718506.0;-504533.0;-3988.551605080015;-4075.489337487459;65.24281340756716;-3.092281986027956e-08;-9250.0;9249.999999969077
4.127999999999989;2235583464.0;2261260986.0;-1221.0;-3988.5516050798287;-4096.167160675824;107.56305259589544;4.661160346586257e-08;-20583.333333333332;20583.333333379946
4.131999999999988;2219629257.0;2245083618.0;221940.0;-3988.551605080078;-4046.453726912275;67.44554183230639;-6.230038707144558e-08;-14750.0;14749.9999999377
4.135999999999988;2203675050.0;2229038086.0;313265.0;-3988.5516050798287;-4018.3493683886754;43.26815830872556;6.230038707144558e-08;-833.3333333333334;833.3333333956338
4.139999999999987;2187720843.0;2212855225.0;541919.0;-3988.5516050798915;-4060.5916533023865;95.34256522240366;-1.5688783605583012e-08;7666.666666666667;-7666.666666682356
4.143999999999987;2171766635.0;2196573486.0;869451.0;-3988.551605080078;-4061.924670562059;110.75945848220454;-4.661160346586257e-08;0.0;-4.661160346586257e-08
4.147999999999986;2155812428.0;2180621338.0;867392.0;-3988.551605080015;-3989.4008921349105;38.14714305493544;1.5688783605583012e-08;-333.3333333333333;333.3333333490221
4.151999999999986;2139858221.0;2165158081.0;376441.0;-3988.551605079705;-3860.4675909756143;-111.89705110445357;7.753442332614213e-08;7333.333333333333;-7333.333333255799
4.1559999999999855;2123904014.0;2149683838.0;-103523.0;-3988.551605080015;-3879.5336204741357;-113.46947360575041;-7.753442332614213e-08;18500.0;-18500.000000077533
4.159999999999985;2107949807.0;2133770142.0;-144034.0;-3988.551605080078;-3985.838275205878;-8.906791873966085;-1.5688783605583012e-08;8916.666666666666;-8916.666666682355
4.163999999999985;2091995599.0;2117598267.0;73634.0;-3988.5516050798915;-4037.0620031516683;51.676660071625065;4.661160346586257e-08;-7500.0;7500.000000046612
4.167999999999984;2076041392.0;2101585693.0;132001.0;-3988.5516050798287;-4000.285532492512;17.40997041251603;1.5688783605583012e-08;-14500.0;14500.000000015689
4.171999999999984;2060087185.0;2085622559.0;140927.0;-3988.5516050798915;-3986.138417043537;3.646672963670426;-1.5688783605583012e-08;-6500.0;6499.999999984311
4.175999999999983;2044132978.0;2069637451.0;171828.0;-3988.551605080015;-3999.0859667392897;17.92296565942206;-3.092281986027956e-08;2916.6666666666665;-2916.6666666975893
4.179999999999983;2028178771.0;2053657837.0;197235.0;-3988.5516050798915;-3999.468518645468;19.398018565529583;3.092281986027956e-08;2500.0;-2499.999999969077
4.183999999999982;2012224564.0;2037826538.0;74327.0;-3988.551605080015;-3954.9911705338795;-30.36437354609552;-3.092281986027956e-08;1416.6666666666667;-1416.6666666975896
4.187999999999982;1996270356.0;2022225952.0;-279294.0;-3988.5516050798915;-3908.031780877963;-92.52946620197372;3.092281986027956e-08;5250.0;-5249.999999969077
4.1919999999999815;1980316149.0;2006526489.0;-534038.0;-3988.5516050798915;-3934.7763018960927;-76.7389371838749;0.0;7333.333333333333;-7333.333333333333
4.195999999999981;1964361942.0;1990508423.0;-470180.0;-3988.5516050798915;-4010.06614520042;1.2968001205172186;0.0;1500.0;-1500.0
4.199999999999981;1948407735.0;1974506836.0;-422800.0;-3988.551605080015;-3987.850983865588;-18.881021214308475;-3.092281986027956e-08;-7916.666666666667;7916.666666635744
4.20399999999998;1932453528.0;1958741455.0;-611626.0;-3988.5516050798915;-3948.7308310672584;-66.12069201268105;3.092281986027956e-08;-4500.0;4500.000000030923
4.20799999999998;1916499321.0;1943113403.0;-937781.0;-3988.551605080015;-3913.4263123576047;-115.44987572237278;-3.092281986027956e-08;3416.6666666666665;-3416.6666666975893
4.211999999999979;1900545113.0;1927018433.0;-797018.0;-3988.5516050798915;-4035.410329745319;12.58695066538894;3.092281986027956e-08;5250.0;-5249.999999969077
4.215999999999979;1884590906.0;1910505981.0;-238773.0;-3988.551605080015;-4125.191766216616;126.37292213664068;-3.092281986027956e-08;-10250.0;10249.999999969077
4.219999999999978;1868636699.0;1893982544.0;330456.0;-3988.551605079705;-4111.44676353346;137.10476645352537;7.753442332614213e-08;-18583.333333333332;18583.33333341087
4.223999999999978;1852682492.0;1877788696.0;570097.0;-3988.551605080078;-4048.0517211207925;84.01428704090858;-9.322320693172514e-08;-10500.0;10499.999999906777
4.2279999999999776;1836728285.0;1861759644.0;644942.0;-3988.551605079767;-4011.404271741571;50.58517266171066;7.776179700158536e-08;4833.333333333333;-4833.333333255571
4.231999999999977;1820774077.0;1845571289.0;879090.0;-3988.5516050799533;-4045.430069903525;94.67933482357603;-4.661160346586257e-08;10166.666666666666;-10166.666666713278
4.235999999999977;1804819870.0;1829729004.0;767168.0;-3988.551605080078;-3956.871613713992;1.308232634136857;-3.115019353572279e-08;5833.333333333333;-5833.333333364483
4.239999999999976;1788865663.0;1814227295.0;314669.0;-3988.5516050799533;-3869.836689373162;-105.18414870684819;3.115019353572279e-08;8916.666666666666;-8916.666666635516
4.243999999999976;1772911456.0;1799000244.0;-412487.0;-3988.5516050798287;-3830.645270005311;-175.64327607472933;3.115019353572279e-08;16666.666666666668;-16666.666666635516
4.247999999999975;1756957249.0;1783306274.0;-672724.0;-3988.5516050799533;-3936.653194088828;-80.82554299107824;-3.115019353572279e-08;12500.0;-12500.00000003115
4.251999999999975;1741003042.0;1767167358.0;-488015.0;-3988.5516050798287;-4038.3255107860464;28.78926070616035;3.115019353572279e-08;-5500.0;5500.00000003115
4.2559999999999745;1725048834.0;1750924072.0;-198936.0;-3988.551605080015;-4053.5604463835098;56.454593303603815;-4.661160346586257e-08;-19666.666666666668;19666.666666620054
4.259999999999974;1709094627.0;1734818115.0;-47186.0;-3988.551605080078;-4027.661547586967;37.080944507069034;-1.5688783605583012e-08;-15166.666666666666;15166.666666650977
4.263999999999974;1693140420.0;1718668213.0;148508.0;-3988.5516050799533;-4048.7068710389594;66.54110995891278;3.115019353572279e-08;-3083.3333333333335;3083.3333333644837
4.267999999999973;1677186213.0;1702238159.0;624355.0;-3988.551605079767;-4109.441639919306;147.73729983926978;4.661160346586257e-08;-1333.3333333333333;1333.3333333799449
4.271999999999973;1661232006.0;1685846558.0;1061749.0;-3988.551605080015;-4085.66523259327;142.76883451339154;-6.207301339600235e-08;-6000.0;5999.999999937927
4.275999999999972;1645277798.0;1669921875.0;1032225.0;-3988.5516050799533;-3977.1376842365257;32.97175415665788;1.546140993013978e-08;-1416.6666666666667;1416.6666666821282
4.279999999999972;1629323591.0;1654392700.0;607193.0;-3988.5516050798287;-3888.120475757977;-74.32183032201601;3.115019353572279e-08;12750.0;-12749.99999996885
4.283999999999971;1613369384.0;1638742676.0;303009.0;-3988.551605080015;-3915.312670494978;-60.20954758492053;-4.661160346586257e-08;18416.666666666668;-18416.66666671328
4.287999999999971;1597415177.0;1622938843.0;152635.0;-3988.5516050798287;-3956.982627928341;-25.005672151562067;4.661160346586257e-08;9333.333333333334;-9333.333333286722
4.2919999999999705;1581460970.0;1607162476.0;-25205.0;-3988.551605080015;-3935.7110904408423;-53.924329639095504;-4.661160346586257e-08;-3083.3333333333335;3083.333333286722
4.29599999999997;1565506763.0;1591430054.0;-246990.0;-3988.5516050799533;-3932.471044268121;-66.70113081178079;1.546140993013978e-08;-3250.0;3250.0000000154614
4.29999999999997;1549552555.0;1575543823.0;-314966.0;-3988.5516050799533;-3988.3281309357585;-13.767012144232012;0.0;-1166.6666666666667;1166.6666666666667
4.303999999999969;1533598348.0;1559278564.0;-3914.0;-3988.5516050798915;-4053.3483235830936;64.62841650313567;1.546140993013978e-08;-6000.0;6000.000000015461
4.307999999999969;1517644141.0;1543205566.0;114876.0;-3988.551605080015;-3999.938355798647;16.32641871872329;-3.092281986027956e-08;-9916.666666666666;9916.666666635743
4.311999999999968;1501689934.0;1527544556.0;-178321.0;-3988.5516050798287;-3908.138413465825;-88.08099461411666;4.661160346586257e-08;-1916.6666666666667;1916.6666667132783
4.315999999999968;1485735727.0;1511927490.0;-515462.0;-3988.5516050799533;-3909.306391347318;-101.4100797326314;-3.115019353572279e-08;11250.0;-11250.00000003115
4.319999999999967;1469781520.0;1496002808.0;-544987.0;-3988.551605080015;-3995.135266377411;-16.8507797024713;-1.546140993013978e-08;9833.333333333334;-9833.333333348795
4.323999999999967;1453827312.0;1479754028.0;-250414.0;-3988.5516050798287;-4056.780444234198;57.46103715421759;4.661160346586257e-08;-5750.0;5750.000000046612
4.3279999999999665;1437873105.0;1463735962.0;-186555.0;-3988.5516050799533;-4001.7491420068836;5.175671926941959;-3.115019353572279e-08;-12000.0;11999.99999996885
4.331999999999966;1421918898.0;1448118896.0;-523697.0;-3988.5516050798287;-3906.191619262793;-104.87895681710688;3.115019353572279e-08;-1416.6666666666667;1416.666666697817
4.335999999999966;1405964691.0;1432551270.0;-910278.0;-3988.5516050799533;-3904.750308389864;-122.94325069003162;-3.115019353572279e-08;12333.333333333334;-12333.333333364484
4.339999999999965;1390010484.0;1416461792.0;-775007.0;-3988.551605080078;-4023.918942764407;2.04203668453556;-3.115019353572279e-08;6750.0;-6750.00000003115
4.343999999999965;1374056276.0;1400114136.0;-381558.0;-3988.5516050799533;-4083.822950894715;78.86435181471779;3.115019353572279e-08;-9000.0;9000.00000003115
4.347999999999964;1358102069.0;1383777466.0;905.0;-3988.551605079767;-4068.4189363085843;79.90624622856285;4.661160346586257e-08;-17750.0;17750.00000004661
4.351999999999964;1342147862.0;1367578125.0;246038.0;-3988.551605080078;-4056.794196778413;78.82222569853229;-7.776179700158536e-08;-7916.666666666667;7916.666666588905
4.3559999999999635;1326193655.0;1351285400.0;584556.0;-3988.5516050798287;-4074.2369049670315;110.82120788713064;6.230038707144558e-08;-333.3333333333333;333.3333333956337
4.359999999999963;1310239448.0;1334888306.0;1027443.0;-3988.5516050799533;-4089.33536499656;144.96380891657418;-3.115019353572279e-08;583.3333333333334;-583.3333333644836
4.363999999999963;1294285241.0;1318881226.0;1080316.0;-3988.5516050799533;-3985.9231551499993;43.825138070120374;0.0;-500.0;500.0
4.367999999999962;1278331033.0;1303445435.0;561900.0;-3988.5516050798287;-3855.8983653931637;-108.49153968678729;3.115019353572279e-08;11666.666666666666;-11666.666666635516
4.371999999999962;1262376826.0;1288141479.0;-88351.0;-3988.551605080015;-3834.454112224851;-157.89658585505504;-4.661160346586257e-08;21833.333333333332;-21833.333333379946
4.375999999999961;1246422619.0;1272535400.0;-436480.0;-3988.5516050799533;-3902.14488947019;-105.17535560972146;1.546140993013978e-08;16500.0;-16499.99999998454
4.379999999999961;1230468412.0;1256572266.0;-427553.0;-3988.551605080078;-3987.895213091625;-19.041170988366957;-3.115019353572279e-08;-2083.3333333333335;2083.3333333021833
4.38399999999996;1214514205.0;1240740967.0;-550461.0;-3988.551605079767;-3956.5839510709084;-55.63747700909744;7.776179700158536e-08;-12666.666666666666;12666.666666744428
4.38799999999996;1198559997.0;1224865723.0;-629424.0;-3988.5516050799533;-3971.2427576363207;-44.3740794436344;-4.661160346586257e-08;-7833.333333333333;7833.333333286721
4.3919999999999595;1182605790.0;1208688354.0;-406262.0;-3988.551605080015;-4054.2490880021073;48.228216922266256;-1.546140993013978e-08;-4333.333333333333;4333.333333317872
4.395999999999959;1166651583.0;1192126465.0;201419.0;-3988.5516050798915;-4128.14958840249;148.2590003225082;3.092281986027956e-08;-10333.333333333334;10333.333333364257
4.399999999999959;1150697376.0;1175740356.0;633321.0;-3988.5516050799533;-4087.1867025189417;125.86790043896917;-1.546140993013978e-08;-13833.333333333334;13833.333333317873
4.403999999999958;1134743169.0;1159755249.0;664221.0;-3988.5516050798915;-3988.0419994105464;28.051897330629345;1.546140993013978e-08;-4083.3333333333335;4083.333333348795
4.407999999999958;1118788962.0;1143896484.0;568779.0;-3988.5516050799533;-3961.722930743768;-2.371177336157416;-1.546140993013978e-08;11083.333333333334;-11083.333333348795
4.411999999999957;1102834754.0;1127856445.0;654611.0;-3988.5516050798915;-4011.29348147132;50.89014939140134;1.546140993013978e-08;11666.666666666666;-11666.666666651205
4.415999999999957;1086880547.0;1111915283.0;641566.0;-3988.5516050799533;-3975.0188970451086;14.054629965175991;-1.546140993013978e-08;3500.0;-3500.0000000154614
4.419999999999956;1070926340.0;1096397095.0;205546.0;-3988.5516050799533;-3878.107320822914;-101.60580625699868;0.0;3583.3333333333335;-3583.3333333333335
4.423999999999956;1054972133.0;1080950317.0;-301883.0;-3988.5516050798606;-3866.894274852978;-134.6382992269796;2.319211489520967e-08;9833.333333333334;-9833.333333310142
4.4279999999999555;1039017926.0;1065091553.0;-397326.0;-3988.551605080047;-3977.5360095480437;-28.100613531874842;-4.661160346586257e-08;8666.666666666666;-8666.666666713278
4.431999999999955;1023063719.0;1048710938.0;29082.0;-3988.5516050798915;-4093.847454226749;106.54637514681053;3.888089850079268e-08;-8916.666666666666;8916.666666705547
4.435999999999955;1007109511.0;1032467651.0;318162.0;-3988.5516050798606;-4045.4093311743936;70.53869209440836;7.73070496506989e-09;-19166.666666666668;19166.6666666744
4.439999999999954;991155304.0;1016790161.0;41445.0;-3988.5516050799533;-3922.1265632909867;-64.64290678889847;-2.319211489520967e-08;-6916.666666666667;6916.666666643475
4.443999999999954;975201097.0;1001222534.0;-345136.0;-3988.5516050799533;-3917.918506473159;-85.47394660674081;0.0;12666.666666666666;-12666.666666666666
4.447999999999953;959246890.0;985253906.0;-330715.0;-3988.5516050799533;-3996.7901439665434;-5.982206113408665;0.0;12250.0;-12250.0
4.451999999999953;943292683.0;968983154.0;-14170.0;-3988.5516050799224;-4060.370268735574;71.2093536556149;7.73070496506989e-09;-4416.666666666667;4416.666666674398
4.455999999999952;927338475.0;953052979.0;-38202.0;-3988.551605080015;-3990.1019375867854;-0.09235349316213615;-2.319211489520967e-08;-11750.0;11749.999999976808
4.459999999999952;911384268.0;937413940.0;-353370.0;-3988.5516050798606;-3909.48021156264;-94.26630351731637;3.865352482534945e-08;0.0;3.865352482534945e-08
4.463999999999952;895430061.0;921769409.0;-663047.0;-3988.5516050799224;-3922.357238815391;-94.70538726456607;-1.546140993013978e-08;11583.333333333334;-11583.333333348795
4.467999999999951;879475854.0;905844727.0;-692572.0;-3988.551605079985;-3979.8616758339645;-38.470525245923454;-1.5688783605583012e-08;6166.666666666667;-6166.666666682356
4.471999999999951;863521647.0;889771729.0;-573781.0;-3988.5516050799224;-4007.9108836108117;-5.31330446913762;1.5688783605583012e-08;-4916.666666666667;4916.666666682356
4.47599999999995;847567440.0;873863525.0;-619784.0;-3988.5516050798606;-3984.6341950842807;-30.56812199568276;1.546140993013978e-08;-7583.333333333333;7583.333333348794
4.47999999999995;831613232.0;857741089.0;-451555.0;-3988.5516050799224;-4031.6847838616304;23.716313781727877;-1.546140993013978e-08;-4416.666666666667;4416.666666651206
4.483999999999949;815659025.0;841311035.0;24292.0;-3988.551605080015;-4113.144212640205;125.63716356032;-2.319211489520967e-08;-4750.0;4749.999999976808
4.487999999999949;799704818.0;824782104.0;599015.0;-3988.5516050798915;-4114.123956105612;151.32999602564632;3.092281986027956e-08;-12250.0;12250.000000030923
4.4919999999999485;783750611.0;808610229.0;816683.0;-3988.5516050799224;-4030.4228050298643;76.98856894990331;-7.73070496506989e-09;-7083.333333333333;7083.333333325602
4.495999999999948;767796404.0;792877808.0;594897.0;-3988.551605080015;-3940.497562258907;-22.473471821005205;-2.319211489520967e-08;7083.333333333333;-7083.333333356525
4.499999999999948;751842197.0;777200317.0;318181.0;-3988.5516050798606;-3926.3212761874524;-48.548545892505444;3.865352482534945e-08;18250.0;-18249.999999961346
4.503999999999947;735887989.0;761369019.0;195272.0;-3988.551605080015;-3949.8009806877503;-30.353928392208672;-3.865352482534945e-08;12166.666666666666;-12166.66666670532
4.507999999999947;719933782.0;745647583.0;-37499.0;-3988.5516050798606;-3923.1442283718216;-67.01983370810103;3.865352482534945e-08;2500.0;-2499.9999999613465
4.511999999999946;703979575.0;730156860.0;-500984.0;-3988.5516050799533;-3878.445438706474;-131.64847837347497;-2.319211489520967e-08;2083.3333333333335;-2083.3333333565256
4.515999999999946;688025368.0;714523315.0;-821646.0;-3988.5516050799533;-3919.463201665865;-104.41918141403494;0.0;5166.666666666667;-5166.666666666667
4.519999999999945;672071161.0;698241577.0;-494115.0;-3988.5516050799533;-4075.108793014723;65.31024293476821;0.0;-3250.0;3250.0
4.523999999999945;656116953.0;681663208.0;130047.0;-3988.5516050799224;-4131.97838447113;149.0188003911726;7.73070496506989e-09;-19250.0;19250.00000000773
4.5279999999999445;640162746.0;665337524.0;501524.0;-3988.5516050799533;-4076.1672389412847;109.18116586134283;-7.73070496506989e-09;-19250.0;19249.99999999227
4.531999999999944;624208539.0;649313965.0;570875.0;-3988.5516050799533;-4007.2214073272507;43.21742724731985;0.0;-4500.0;4500.0
4.535999999999944;608254332.0;633218994.0;711639.0;-3988.551605080015;-4018.403352361808;60.45222428185434;-1.546140993013978e-08;9250.0;-9250.000000015461
4.539999999999943;592300125.0;616964722.0;1011704.0;-3988.5516050798606;-4063.25698457194;118.20865149196288;3.865352482534945e-08;6083.333333333333;-6083.3333332946795
4.543999999999943;576345918.0;601012573.0;1009646.0;-3988.5516050799533;-3971.808252256611;26.67142517665843;-2.319211489520967e-08;166.66666666666666;-166.66666668985877
4.547999999999942;560391710.0;585488892.0;579120.0;-3988.5516050799533;-3878.6481258320828;-85.00131924780908;0.0;7250.0;-7250.0
4.551999999999942;544437503.0;570162964.0;-49159.0;-3988.5516050799224;-3839.5547107738303;-151.11073130611976;7.73070496506989e-09;16083.333333333334;-16083.333333325603
4.555999999999941;528483296.0;554386597.0;-227000.0;-3988.5516050799697;-3957.0623120660966;-41.25029301384848;-1.1823431123048067e-08;13416.666666666666;-13416.66666667849
4.559999999999941;512529089.0;538313599.0;-108209.0;-3988.5516050799533;-4015.9463309646817;22.741738884735696;4.092726157978177e-09;-5333.333333333333;5333.333333337426
4.5639999999999405;496574882.0;522301025.0;-49842.0;-3988.5516050799533;-3994.3959073770557;3.7010962970898618;0.0;-14416.666666666666;14416.666666666666
4.56799999999994;480620674.0;506612549.0;-315573.0;-3988.551605079938;-3926.2530940224483;-75.86815005750259;3.865352482534945e-09;-6666.666666666667;6666.666666670532
4.57199999999994;464666472.0;491006470.0;-663701.0;-3988.5504374686293;-3917.917491677241;-99.17325640270519;0.2919028271435309;7583.333333333333;-7583.0414305061895
4.575999999999939;448712304.0;474867554.0;-478991.0;-3988.5417204645414;-4045.218820333467;36.0710651931704;2.1792510219711403;4500.0;-4497.820748978029
4.579999999999939;432758263.0;458690186.0;-255812.0;-3988.5101142528224;-4039.732873303991;40.185969149806624;7.9015529297521425;-8000.0;8007.901552929752
4.583999999999938;416804914.0;442721558.0;-241301.0;-3988.3370907893195;-3995.3157756878163;-3.5894074838229244;43.25586587572161;-9583.333333333334;9626.589199209055
4.587999999999938;400855021.0;426906738.0;-380249.0;-3987.4730451413247;-3955.491180466814;-49.3012248788682;216.0114119986929;-583.3333333333334;799.3447453320263
4.5919999999999375;384916490.0;410866699.0;-292193.0;-3984.6326826016343;-4013.6474106993146;13.087587699353207;710.0906349226079;6583.333333333333;-5873.242698410725
4.595999999999937;369004724.0;394898071.0;-268973.0;-3977.941132371363;-3987.153536058646;-10.764251483826229;1672.887557567833;500.0;1172.887557567833
4.599999999999937;353143421.0;379171143.0;-470031.0;-3965.325691564979;-3921.914203914824;-80.29335932523554;3153.8602015959896;583.3333333333334;2570.526868262656
4.603999999999936;337364325.0;363576050.0;-766853.0;-3944.7736922415734;-3903.5363242706976;-102.41687023932673;5137.999830851413;5750.0;-612.0001691485868
4.607999999999936;321706133.0;347607422.0;-627230.0;-3914.547953168169;-4010.7453909515007;26.523437394786924;7556.434768351096;6500.0;1056.434768351096
4.611999999999935;306212469.0;331166382.0;82169.0;-3873.4156807352538;-4108.399868140927;179.02305429375065;10283.068108228803;-8083.333333333333;18366.401441562135
4.615999999999935;290929590.0;314857178.0;797706.0;-3820.719554511543;-4065.7325899714647;201.61719419130714;13174.03155592774;-16666.666666666668;29840.69822259441
4.619999999999934;275904180.0;299152222.0;1091607.0;-3756.352422698766;-3917.298465167;111.47406669368911;16091.782953194182;-6083.333333333333;22175.11628652752
4.623999999999934;261180608.0;283897705.0;1164092.0;-3680.892909631243;-3814.513856296264;69.06205344745877;18864.878266880736;16583.333333333332;2281.544933547405
4.6279999999999335;246797629.0;268890381.0;1264171.0;-3595.7444704545583;-3754.742612548346;82.29090956299524;21287.109794171214;27500.0;-6212.890205828785
4.631999999999933;232786063.0;254196167.0;1368084.0;-3502.89134110908;-3673.1996097755077;84.45219224907714;23213.282336369615;24250.0;-1036.7176636303839
4.635999999999933;219168177.0;240117188.0;1209348.0;-3404.471380564497;-3497.0716901152027;-10.354918019820161;24604.990136145716;21083.333333333332;3521.656802812384
4.639999999999932;205958093.0;226790771.0;678111.0;-3302.520834231322;-3329.7903842852547;-105.4642685845406;25487.636583293694;30250.0;-4762.363416706307
4.643999999999932;193162985.0;213865356.0;145020.0;-3198.7767891201233;-3227.0117038876283;-131.37869748936737;25936.011277799706;36416.666666666664;-10480.655388866957
4.647999999999931;180785111.0;200956421.0;6014.0;-3094.4682915388807;-3226.5306107292568;-35.19609509860129;26077.124395310646;32416.666666666668;-6339.54227135602
4.651999999999931;168824076.0;188047485.0;282837.0;-2990.258582616144;-3216.2058378507554;70.33985393699732;26052.427230684203;15000.0;11052.427230684203
4.65599999999993;157278604.0;175479126.0;636147.0;-2886.3680289667745;-3132.7487513942287;106.34111956349534;25972.63841234235;7500.0;18472.63841234235
4.65999999999993;146147539.0;163531494.0;785066.0;-2782.7660773717716;-2985.610573076891;69.69020592960169;25900.487898750725;13333.333333333334;12567.154565417391
4.6639999999999295;135430198.0;152171631.0;761328.0;-2679.3351688687653;-2826.869477770156;13.706374117517043;25857.727125751582;26416.666666666668;-558.9395409150875
4.667999999999929;125126329.0;141124878.0;838623.0;-2575.9671682327485;-2756.0063544305963;49.70276248719301;25842.000159004216;32916.666666666664;-7074.6665076624495
4.671999999999929;115235936.0;130286865.0;1120806.0;-2472.5979240808383;-2703.057882753286;112.29512853218148;25842.31103797754;27333.333333333332;-1491.022295355794
4.675999999999928;105759118.0;119723511.0;1541805.0;-2369.2043830749803;-2627.237932612595;157.94699766291205;25848.385251464493;19833.333333333332;6015.05191813116
4.679999999999928;96695966.0;109698486.0;1837990.0;-2265.787935376141;-2494.7205763899806;141.54446662893406;25854.111924709854;18166.666666666668;7687.445258043187
4.683999999999927;88046531.0;100409546.0;1811701.0;-2162.358630565477;-2318.370640588841;67.4665846151247;25857.326202665943;26833.333333333332;-976.0071306673872
4.687999999999927;79810828.0;91757813.0;1561891.0;-2058.925756401055;-2151.7473490364464;-6.477125813390103;25858.218541105543;36333.333333333336;-10475.114792227792
4.6919999999999265;71988849.0;83594971.0;1236912.0;-1955.4945252904242;-2028.554356839383;-40.21357034143398;25857.807777657683;39666.666666666664;-13808.858889008981
4.695999999999926;64580583.0;75893555.0;864236.0;-1852.0664216955795;-1926.7605333637332;-54.60026001199958;25857.025898711185;36416.666666666664;-10559.64076795548
4.699999999999926;57586020.0;68461304.0;636114.0;-1748.6408345120976;-1859.2367834441807;-28.50325520479464;25856.396795870467;29666.666666666668;-3810.2698707962013
4.703999999999925;51005153.0;61166382.0;684373.0;-1645.2165437507015;-1829.3319690550913;47.094191608461415;25856.072690349036;21750.0;4106.072690349038
4.707999999999925;44837983.0;54118652.0;899140.0;-1541.7925585329342;-1755.4837008869924;85.90599235734203;25855.99630444182;14500.0;11355.996304441816
4.711999999999924;39084509.0;47504883.0;1093642.0;-1438.36836469486;-1642.809128904378;85.01918358907255;25856.048459518548;14750.0;11106.048459518548
4.715999999999924;33744733.0;41555786.0;1037169.0;-1334.9438384441792;-1480.7851750066136;23.99096041406142;25856.131562670213;22250.0;3606.131562670214
4.719999999999923;28818657.0;36128540.0;872543.0;-1231.519059881196;-1351.6609499946808;-8.787858185776713;25856.194640745798;32000.0;-6143.805359254202
4.723999999999923;24306280.0;31217651.0;605257.0;-1128.0941591617513;-1227.667367700203;-40.85011413941834;25856.225179861154;35250.0;-9393.774820138844
4.7279999999999225;20207580.0;26636353.0;422080.0;-1024.6748825328434;-1140.8396257665784;-32.12964155532404;25854.819157226986;32000.0;-6145.180842773016
4.731999999999922;16522412.0;22412109.0;295539.0;-921.2921423558481;-1049.3168381616704;-25.671022020569353;25845.685044248825;26250.0;-404.3149557511754
4.735999999999922;13250331.0;18561401.0;209083.0;-818.0201352622003;-960.7134749941314;-14.587169737846011;25818.001773411965;23416.666666666668;2401.335106745297
4.739999999999921;10390030.0;14979858.0;266817.0;-715.0752052699291;-892.4042776983028;22.925245286750737;25736.232498067777;21666.666666666668;4069.5658314011107
4.743999999999921;7937371.0;11683960.0;451478.0;-613.1647895460393;-817.4129420217389;59.01730757037876;25477.603930972466;19916.666666666668;5560.937264305796
4.74799999999992;5882105.0;8887939.0;546409.0;-513.8163071224261;-688.6793459683703;36.90242223354426;24837.120605903296;20083.333333333332;4753.787272569962
4.75199999999992;4205393.0;6630249.0;506611.0;-419.1781429078947;-560.8736985896887;8.28617166244203;23659.54105363285;24916.666666666668;-1257.125613033818
4.755999999999919;2879466.0;4740601.0;488756.0;-331.48160693604075;-472.4023086682257;16.54294292134449;21924.13399296349;29166.666666666668;-7242.532673703177
4.759999999999919;1868800.0;3054199.0;635308.0;-252.66640722997235;-414.7723410540954;57.12822790722174;19703.7999265171;26416.666666666668;-6712.866740149569
4.7639999999999185;1132101.0;1691895.0;794626.0;-184.17474941536017;-336.2892404255536;69.71169979501343;17122.914453653044;20583.333333333332;-3460.4188796802864
4.767999999999918;624863.0;703125.0;879506.0;-126.80964616915153;-245.32327428290006;57.16968938349032;14341.27581155216;18333.333333333332;-3992.057521781174
4.771999999999918;301540.0;49438.0;885867.0;-80.83074107920181;-163.08644802096953;39.347028405485375;11494.72627248743;20416.666666666668;-8921.940394179237
4.775999999999917;116708.0;-302124.0;801766.0;-46.207855516604866;-84.35399541257365;9.914081039361903;8655.721390649238;21166.666666666668;-12510.94527601743
4.779999999999917;26755.0;-433960.0;664111.0;-22.488396551144774;-33.93347058657416;-4.8824719966562995;5929.864741365023;19666.666666666668;-13736.801925301645
4.783999999999916;-6458.0;-455933.0;538058.0;-8.303477323969426;-7.615393496468012;-6.2544416269715954;3546.229806793837;15500.0;-11953.770193206163
4.787999999999916;-11736.0;-466919.0;481032.0;-1.3194913130472903;-3.6358101503116345;7.316907228503219;1745.996502730534;10166.666666666666;-8420.670163936133
4.791999999999915;-7220.0;-466919.0;458563.0;1.1290908228249048;-0.4298818445948382;14.530540088077892;612.1455339680488;4583.333333333333;-3971.1877993652843
4.795999999999915;-1967.0;-466919.0;457005.0;1.313082861808893;0.6713796026331774;18.590246849064243;45.998009745997045;1333.3333333333333;-1287.3353235873362
4.799999999999915;1006.0;-477905.0;472742.0;0.7435684194608517;-1.1817604271736697;22.69736005762774;-142.37861058701031;166.66666666666666;-309.045277253677
4.803999999999914;1753.0;-477905.0;477087.0;0.18673217757283608;-1.226555225013893;22.827497430741527;-139.2090604720039;83.33333333333333;-222.54239380533724
4.807999999999914;1295.0;-477905.0;479190.0;-0.11440430866277115;-2.210511553307907;23.341810102112074;-75.28412155890182;0.0;-75.28412155890182
4.811999999999913;550.0;-472412.0;473978.0;-0.1862142832929123;1.6854141601179868;18.76623881827484;-17.95249365753529;83.33333333333333;-101.28582699086861
4.815999999999913;1.0;-477905.0;478906.0;-0.13722753683194414;1.0860527533888282;19.365793876637444;12.246686615242044;-83.33333333333333;95.58001994857537
4.819999999999912;-239.0;-477905.0;478241.0;-0.06030308534323115;0.5230178247827874;19.874974133048255;19.231112872178247;0.0;19.231112872178247
4.823999999999912;-431.0;-477905.0;477814.0;-0.04809055342721241;-0.1604395110987939;20.599426285620027;3.0531329790046846;0.0;3.0531329790046846
4.8279999999999115;-2116.0;-477905.0;477592.0;-0.42122254467280196;0.2560910856933581;20.22445317783936;-93.28299781139738;83.33333333333333;-176.6163311447307
4.831999999999911;-10729.0;-472412.0;471314.0;-2.1533475603868135;0.3258422616122821;19.744556622814798;-433.0312539285029;83.33333333333333;-516.3645872618362
4.835999999999911;-39455.0;-477905.0;472384.0;-7.18143762566322;-2.192064449758498;21.398779721069662;-1257.0225163191017;0.0;-1257.0225163191017
4.83999999999991;-112464.0;-477905.0;455837.0;-18.252193138273935;-1.8589524505961346;17.323185913248444;-2767.6888781526786;0.0;-2767.6888781526786
4.84399999999991;-265216.0;-477905.0;409671.0;-38.187901393062816;-2.9873795122665987;9.061874771634342;-4983.927063697221;-83.33333333333333;-4900.593730363887
4.847999999999909;-541122.0;-472412.0;299812.0;-68.97653242132827;0.4757349977748045;-13.675341255549343;-7697.157757066364;0.0;-7697.157757066364
4.851999999999909;-987222.0;-477905.0;104192.0;-111.52510416155218;-0.6355996556238015;-45.162446077231046;-10637.142935055977;-83.33333333333333;-10553.809601722643
4.855999999999908;-1651988.0;-494385.0;-221992.0;-166.1915856705885;-2.5201409346780927;-92.69148922528424;-13666.62037725908;-166.66666666666666;-13499.953710592412
4.859999999999908;-2584767.0;-565796.0;-682381.0;-233.1945629493576;-17.369314714770283;-144.92327016380085;-16750.744319692272;-833.3333333333334;-15917.41098635894
4.8639999999999075;-3834225.0;-774536.0;-1243389.0;-312.36442114762906;-62.38414769465292;-183.5184871303556;-19792.464549567867;-2250.0;-17542.464549567867
4.867999999999907;-5445237.0;-1554565.0;-1520127.0;-402.7530764617372;-207.9006881120936;-121.65635201385155;-22597.16382852703;-9666.666666666666;-12930.497161860365
4.871999999999907;-7456012.0;-2900391.0;-1565254.0;-502.6937084367865;-336.68198522672117;-78.36216154233199;-24985.15799376233;-22000.0;-2985.1579937623283
4.875999999999906;-9896344.0;-4597778.0;-1635260.0;-610.0829624929013;-424.4592207593245;-87.705313680914;-26847.313514028698;-29666.666666666668;2819.3531526379693
4.879999999999906;-12786644.0;-6729126.0;-1682658.0;-722.5750939813556;-540.4919000896764;-76.54867398278623;-28123.032872113585;-29750.0;1626.9671278864166
4.883999999999905;-16138231.0;-9354858.0;-1673146.0;-837.8966162708596;-660.0702360239891;-65.93014300404491;-28830.380572375987;-27000.0;-1830.3805723759865
4.887999999999905;-19955349.0;-12409058.0;-1689503.0;-954.2793754812102;-764.3622110298312;-75.92556005758684;-29095.689802587658;-27416.666666666668;-1679.023135920989
4.891999999999904;-24238063.0;-15858765.0;-1773255.0;-1070.678497350915;-865.478945694055;-94.13586907843069;-29099.7804674262;-28250.0;-849.7804674262
4.895999999999904;-28984797.0;-19742432.0;-1888580.0;-1186.6834535939543;-979.1342288208384;-101.82258951568247;-29001.239060759814;-26333.333333333332;-2667.905727426483
4.8999999999999035;-34193910.0;-24246826.0;-1848149.0;-1302.2783146140298;-1129.5967415974853;-65.86428922164805;-28898.715255018884;-28083.333333333332;-815.3819216855532
4.903999999999903;-39864342.0;-29344482.0;-1677834.0;-1417.6078878649628;-1274.955857448794;-29.026297829430177;-28832.393312733246;-32500.0;3667.6066872667548
4.907999999999903;-45995648.0;-34837646.0;-1573979.0;-1532.8263604027372;-1375.5807137742618;-39.42775797039121;-28804.618134443615;-34500.0;5695.381865556385
4.911999999999902;-52587784.0;-40748291.0;-1513793.0;-1648.0339137848873;-1482.3266003426934;-45.38095137659661;-28801.88834553752;-31250.0;2448.1116544624797
4.915999999999902;-59640872.0;-47026978.0;-1546423.0;-1763.2720046243808;-1568.3409182332855;-75.98451772992667;-28809.522709873363;-27083.333333333332;-1726.189376540031
4.919999999999901;-67155048.0;-53728638.0;-1616959.0;-1878.5437415135648;-1677.6887516470529;-84.8894573024254;-28817.934222296004;-24333.333333333332;-4484.600888962671
4.923999999999901;-75130394.0;-60809326.0;-1769472.0;-1993.836464080926;-1786.9645661486315;-97.42295384290856;-28823.18064184028;-24333.333333333332;-4489.847308506949
4.9279999999999005;-83566940.0;-68527222.0;-1745898.0;-2109.136566088479;-1932.9527099779239;-65.70098825147466;-28825.025501888264;-27333.333333333332;-1491.6921685549305
4.9319999999999;-92464683.0;-76948242.0;-1480380.0;-2224.435578089891;-2118.83809593799;16.306146271456782;-28824.753000352983;-32583.333333333332;3758.5803329803475
4.9359999999999;-101823606.0;-85973511.0;-1071812.0;-2339.7304807481473;-2262.3545543156215;62.09140205084577;-28823.72566456411;-39416.666666666664;10592.941002102556
4.939999999999899;-111643693.0;-95361328.0;-761887.0;-2455.021648480798;-2342.1201320330747;39.88636567048525;-28822.791933162647;-37833.333333333336;9010.541400170689
4.943999999999899;-121924936.0;-105012817.0;-649463.0;-2570.310679695284;-2408.616593227608;-4.076387031776449;-28822.257803621484;-30833.333333333332;2011.0755297118494
4.947999999999898;-132667333.0;-114801636.0;-860870.0;-2685.5990431404293;-2444.193473850312;-92.88034992998382;-28822.09086128637;-20000.0;-8822.09086128637
4.951999999999898;-143870883.0;-124733276.0;-1390611.0;-2800.8875846281403;-2495.9673267062053;-179.17413904712748;-28822.135371927743;-12333.333333333334;-16488.80203859441
4.955999999999897;-155535512.0;-135181274.0;-1865148.0;-2916.1570976341595;-2628.4646644207373;-182.37033028154656;-28817.378251504808;-13416.666666666666;-15400.71158483814
4.959999999999897;-167660717.0;-146365356.0;-2064724.0;-3031.3010743739546;-2801.967968429773;-132.7297902213354;-28785.994184948777;-23083.333333333332;-5702.660851615445
4.9639999999998965;-180244972.0;-158433838.0;-1840781.0;-3146.0634898951007;-3020.0396287713124;-20.248432212768876;-28690.603880286515;-37500.0;8809.396119713483
4.967999999999896;-193284762.0;-171441650.0;-1137481.0;-3259.947371596481;-3262.8704672276363;137.83087700100032;-28470.970425345058;-49250.0;20779.029574654942
4.971999999999896;-206772265.0;-184855957.0;-485352.0;-3371.875538241449;-3355.107343616659;143.69297409105957;-27982.041661241965;-50750.0;22767.958338758035
4.975999999999895;-220691689.0;-198242798.0;-313143.0;-3479.8557962793425;-3348.9709217027093;31.847920278446963;-26995.06450947342;-37333.333333333336;10338.268823859913
4.979999999999895;-235016719.0;-211788940.0;-423130.0;-3581.2574328843784;-3409.253833182952;-22.97295107755508;-25350.409151258988;-18250.0;-7100.409151258987
4.983999999999894;-249710831.0;-225878906.0;-410874.0;-3673.527734383901;-3538.1989721740456;1.1041262058192842;-23067.575374880675;-11416.666666666666;-11650.90870821401
4.987999999999894;-264729619.0;-240666504.0;-92265.0;-3754.6970039172165;-3691.8728213793506;70.6584108883576;-20292.31738332885;-22000.0;1707.6826166711498
4.991999999999893;-280023754.0;-255701294.0;121847.0;-3823.533437251243;-3750.9961719275702;51.06615774139391;-17209.108333506607;-32000.0;14790.891666493393
4.995999999999893;-295541870.0;-270697632.0;-7872.0;-3879.528833945711;-3745.7602141324373;-36.09225484377657;-13998.849173617033;-25250.0;11251.150826382967
4.9999999999998925;-311232938.0;-285726929.0;-359901.0;-3922.7667877960685;-3764.232025137784;-96.57511649817752;-10809.488462589343;-10416.666666666666;-392.82179592267676
5.003999999999892;-327048137.0;-301069336.0;-602871.0;-3953.799732985283;-3846.6537409346392;-75.61362109220181;-7758.236297303597;-4500.0;-3258.236297303597
5.007999999999892;-342943446.0;-316818237.0;-593240.0;-3973.826878271122;-3926.303673465222;-34.02316482275637;-5006.786321459799;-11750.0;6743.213678540201
5.011999999999891;-358883217.0;-332770386.0;-487326.0;-3984.9426455868215;-3984.042167297555;1.5287997938035005;-2778.9418289248715;-18083.333333333332;15304.39150440846
5.015999999999891;-374842554.0;-348832397.0;-337783.0;-3989.8340716595762;-4020.411992965436;27.7705641919124;-1222.856518188678;-17583.333333333332;16360.476815144655
5.01999999999989;-390806840.0;-365053711.0;-63737.0;-3991.071415483661;-4067.214526081132;77.65694693411251;-309.3359560211866;-10916.666666666666;10607.33071064548
5.02399999999989;-406769324.0;-381494751.0;416119.0;-3990.620599924062;-4119.963757946619;147.56087649393658;112.70388989976254;-10166.666666666666;10279.370556566428
5.0279999999998894;-422728215.0;-398023682.0;981507.0;-3989.72268594641;-4120.646610995534;171.9659878987277;224.47849441300605;-11083.333333333334;11307.81182774634
5.031999999999889;-438684151.0;-414255981.0;1252736.0;-3988.983833819741;-4053.823409202637;117.42382464338743;184.7130316672292;-5583.333333333333;5768.046365000562
5.035999999999889;-454638440.0;-429999390.0;1038405.0;-3988.5719836891994;-3934.8673195861593;-9.91626925130413;102.96253263538802;7583.333333333333;-7480.370800697945
5.039999999999888;-470592163.0;-445913086.0;996801.0;-3988.430630335247;-3969.0785146203357;23.1160867305166;35.33833848814538;15083.333333333334;-15047.994994845189
5.043999999999888;-486545918.0;-461804810.0;934450.0;-3988.438518624521;-3976.681096063852;28.34409358649009;-1.972072318494611;10250.0;-10251.972072318495
5.047999999999887;-502499897.0;-477526245.0;702146.0;-3988.49462925725;-3916.2546727247227;-41.98763543627774;-14.027658182271807;2666.6666666666665;-2680.6943248489383
5.051999999999887;-518454072.0;-492940063.0;162121.0;-3988.543554975385;-3859.838874542717;-121.65064185050505;-12.231429533812843;6083.333333333333;-6095.564762867146
5.055999999999886;-534408346.0;-508480225.0;-251773.0;-3988.568194590168;-3888.4614542478425;-110.87848351894445;-6.159903695674984;8833.333333333334;-8839.493237029008
5.059999999999886;-550362636.0;-524437866.0;-248345.0;-3988.572405059308;-4005.62267644937;6.3908039258453755;-1.0526172850404691;2916.6666666666665;-2917.719283951707
5.0639999999998855;-566316902.0;-540510864.0;-129627.0;-3988.566310784177;-4009.4836391724;15.339958569747523;1.5235687827725997;-11750.0;11751.523568782774
5.067999999999885;-582271136.0;-556215820.0;-378951.0;-3988.558265610952;-3920.250585526473;-84.6142715772512;2.011293306281914;-9083.333333333334;9085.344626639617
5.071999999999885;-598225347.0;-571893311.0;-655713.0;-3988.55249513232;-3932.2067518739664;-84.5520638333769;1.4426196579506723;1583.3333333333333;-1581.8907136753826
5.075999999999884;-614179547.0;-587867432.0;-635818.0;-3988.5498526094157;-3998.480916631286;-17.41528221473709;0.6606307260881294;5416.666666666667;-5416.006035940579
5.079999999999884;-630133746.0;-604143677.0;-313779.0;-3988.5494793732214;-4072.8510709424395;70.80709271776323;0.09330904856597044;-4750.0;4750.093309048566
5.083999999999883;-646087947.0;-620381470.0;-30186.0;-3988.5501551248526;-4045.744809127587;55.89709101695462;-0.1689379078015918;-14250.0;14249.831062092198
5.087999999999883;-662042152.0;-636267700.0;-98156.0;-3988.5509862295116;-3976.049950214122;-16.720507270988946;-0.2077761647569787;-4250.0;4249.792223835243
5.091999999999882;-677996359.0;-651890259.0;-429799.0;-3988.551556176637;-3917.0617105430083;-89.97012714237098;-0.1424867813284436;8250.0;-8250.14248678133
5.095999999999882;-693950567.0;-667732544.0;-541720.0;-3988.5518006603243;-3969.748587201935;-42.096580132949384;-0.06112092182775086;12666.666666666666;-12666.727787588494
5.0999999999998815;-709904775.0;-683789063.0;-439408.0;-3988.5518207647165;-4018.0700389848744;10.623845213804088;-0.0050260980515304254;1166.6666666666667;-1166.6716927647183
5.103999999999881;-725858982.0;-699834595.0;-348084.0;-3988.551744079919;-4015.9033759773315;12.383956778453012;0.019171199369338865;-6666.666666666667;6666.685837866036
5.107999999999881;-741813190.0;-715918579.0;-218308.0;-3988.5516590317866;-4029.2168560907594;31.277821848172152;0.021262033101265843;-7166.666666666667;7166.687928699768
5.11199999999988;-757767397.0;-732194824.0;103730.0;-3988.5516039907466;-4075.5324597678355;91.44113895884993;0.013760260003436997;-4416.666666666667;4416.68042692667
5.11599999999988;-773721604.0;-748762207.0;716905.0;-3988.551582456311;-4136.454595862644;178.72987315544106;0.005383608936426754;-8000.0;8000.005383608936
5.119999999999879;-789675811.0;-765005493.0;1005984.0;-3988.5515827029376;-4046.4419500168988;101.14766624171489;-6.16566921962658e-05;-8333.333333333334;8333.333271676642
5.123999999999879;-805630018.0;-780682983.0;729267.0;-3988.5515915377;-3911.955100387505;-45.23800129277015;-0.0022086906028562225;4750.0;-4750.002208690603
5.127999999999878;-821584225.0;-796245117.0;337194.0;-3988.551600345412;-3910.3159740611572;-63.73627014318254;-0.00220192805500119;18916.666666666668;-18916.668868594723
5.131999999999878;-837538433.0;-812032471.0;170341.0;-3988.5516057028954;-3953.043472620262;-28.18345935779689;-0.0013393707831710344;15916.666666666666;-15916.66800603745
5.1359999999998776;-853492640.0;-827957153.0;140816.0;-3988.551607593516;-3972.8063112116383;-9.690203206323076;-0.00047265518787753535;1500.0;-1500.0004726551879
5.139999999999877;-869446847.0;-843596191.0;-174354.0;-3988.5516073649846;-3899.1312100786295;-96.91761834247791;5.713286554964725e-05;-6000.0;6000.000057132866
5.143999999999877;-885401054.0;-859163818.0;-560934.0;-3988.551606381555;-3903.5731433786145;-109.09862611321296;0.000245857449954201;3166.6666666666665;-3166.6664208092166
5.147999999999876;-901355261.0;-875033569.0;-645390.0;-3988.5516054815157;-3981.763250394907;-34.54012658149668;0.0002250097850264865;4000.0;-3999.999774990215
5.151999999999876;-917309469.0;-891485596.0;-147570.0;-3988.551604966341;-4102.186387683916;107.28927165345021;0.0001287936584049021;-8000.0;8000.000128793658
5.155999999999875;-933263676.0;-907921143.0;333770.0;-3988.5516048055606;-4098.323068593693;124.12357331116527;4.0195118344854563e-05;-19583.333333333332;19583.33337352845
5.159999999999875;-949217883.0;-924043579.0;501998.0;-3988.5516048487484;-4024.8666453965543;57.90095449094224;-1.0796952665259596e-05;-12250.0;12249.999989203046
5.1639999999998745;-965172090.0;-940023193.0;527405.0;-3988.5516049562048;-4000.3592160220705;34.486026198445416;-2.6864086066780146e-05;4000.0;-4000.000026864086
5.167999999999874;-981126297.0;-956079712.0;629717.0;-3988.551605047431;-4021.490828879123;60.01705498802539;-2.280660282849567e-05;9750.0;-9750.000022806602
5.171999999999874;-997080504.0;-972257080.0;852878.0;-3988.5516050963706;-4029.631094288646;77.75324329690056;-1.2234863788762596e-05;2666.6666666666665;-2666.6666789015303
5.175999999999873;-1013034712.0;-988027954.0;669545.0;-3988.551605109461;-3940.710361282656;-19.050808783651064;-3.272589310654439e-06;750.0;-750.0000032725893
5.179999999999873;-1028988919.0;-1003518677.0;206061.0;-3988.551605103242;-3868.5843339814537;-111.10664811981587;1.5547811926808208e-06;7916.666666666667;-7916.666665111886
5.183999999999872;-1044943126.0;-1019075317.0;-191507.0;-3988.551605091582;-3896.028534097386;-100.75787200952891;2.914930519182235e-06;14083.333333333334;-14083.333330418403
5.187999999999872;-1060897333.0;-1035054932.0;-166099.0;-3988.551605082316;-3997.5816513414024;1.8877892427453844;2.3164830054156482e-06;4500.0;-4499.999997683517
5.191999999999871;-1076851540.0;-1051111450.0;-63788.0;-3988.5516050778388;-4004.8802340938623;13.585745005890203;1.1193606042070314e-06;-9083.333333333334;9083.333334452695
5.195999999999871;-1092805747.0;-1066799927.0;-329518.0;-3988.5516050768438;-3912.175845171001;-90.54503390959098;2.4874680093489587e-07;-8750.0;8750.000000248747
5.1999999999998705;-1108759955.0;-1082323608.0;-760044.0;-3988.5516050774977;-3895.4327226783794;-125.80077439908291;-1.6348167264368385e-07;4500.0;-4500.000000163482
5.20399999999987;-1124714162.0;-1098330688.0;-707171.0;-3988.5516050789274;-4013.545427723229;-5.414530353885311;-3.574314177967608e-07;6916.666666666667;-6916.666667024098
5.20799999999987;-1140668369.0;-1114733276.0;-258791.0;-3988.5516050798287;-4089.4969220343187;89.81730395625846;-2.2532731236424297e-07;-7750.0;7749.999999774673
5.211999999999869;-1156622576.0;-1130954590.0;8316.0;-3988.55160508014;-4053.143564117731;64.94954703846088;-7.776179700158536e-08;-16333.333333333334;16333.333333255572
5.215999999999869;-1172576783.0;-1146791382.0;-109099.0;-3988.5516050802644;-3961.8341572372124;-31.408704842748648;-3.115019353572279e-08;-5916.666666666667;5916.666666635517
5.219999999999868;-1188530991.0;-1162622681.0;-232007.0;-3988.551605080078;-3963.905451790674;-34.62245428951792;4.661160346586257e-08;9750.0;-9749.999999953388
5.223999999999868;-1204485198.0;-1178596802.0;-212093.0;-3988.551605080078;-3993.2035156420507;-4.468088438141422;0.0;8416.666666666666;-8416.666666666666
5.227999999999867;-1220439405.0;-1194477539.0;-285564.0;-3988.5516050799533;-3964.683320275841;-36.14753680423655;3.115019353572279e-08;1666.6666666666667;-1666.6666666355165
5.231999999999867;-1236393612.0;-1210116577.0;-600733.0;-3988.5516050798287;-3919.4323796860035;-94.9507443940206;3.115019353572279e-08;1416.6666666666667;-1416.6666666355165
5.2359999999998665;-1252347819.0;-1225980835.0;-690682.0;-3988.5516050799533;-3973.857926701584;-44.393004378320256;-3.115019353572279e-08;4000.0;-4000.00000003115
5.239999999999866;-1268302026.0;-1242344971.0;-280753.0;-3988.5516050799533;-4098.85981609222;98.23583201234806;0.0;-3500.0;3500.0
5.243999999999866;-1284256234.0;-1258868408.0;288477.0;-3988.551605080015;-4114.75279321313;138.6056991331684;-1.546140993013978e-08;-16333.333333333334;16333.333333317873
5.247999999999865;-1300210441.0;-1275188599.0;654461.0;-3988.5516050798287;-4065.1086970902534;104.69891501027223;4.661160346586257e-08;-14666.666666666666;14666.666666713278
5.251999999999865;-1316164648.0;-1291063843.0;575497.0;-3988.551605080015;-3973.8660860714085;10.06085199147492;-4.661160346586257e-08;750.0;-750.0000000466116
5.255999999999864;-1332118855.0;-1306818237.0;375684.0;-3988.5516050798287;-3946.1975886728746;-26.19960440703244;4.661160346586257e-08;15250.0;-15249.999999953388
5.259999999999864;-1348073062.0;-1322742920.0;346160.0;-3988.5516050799533;-3990.3602584561168;16.693533376170762;-3.115019353572279e-08;12833.333333333334;-12833.333333364484
5.2639999999998635;-1364027270.0;-1338678589.0;327622.0;-3988.551605080015;-3980.4260350551663;5.962175975292666;-1.546140993013978e-08;1916.6666666666667;-1916.6666666821282
5.267999999999863;-1379981477.0;-1354246216.0;-58958.0;-3988.5516050799533;-3899.06048052297;-92.02631855699292;1.546140993013978e-08;1083.3333333333333;-1083.3333333178718
5.271999999999863;-1395935684.0;-1369654541.0;-604841.0;-3988.551605079767;-3867.08542436948;-147.4743437105103;4.661160346586257e-08;7416.666666666667;-7416.666666620055
5.275999999999862;-1411889891.0;-1385447388.0;-766201.0;-3988.551605080078;-3960.0314360062157;-61.46681207366419;-7.776179700158536e-08;8416.666666666666;-8416.666666744428
5.279999999999862;-1427844098.0;-1401740112.0;-427684.0;-3988.5516050798915;-4062.546243869966;55.604226790075245;4.661160346586257e-08;-7666.666666666667;7666.666666713279
5.283999999999861;-1443798305.0;-1418137207.0;15204.0;-3988.5516050799533;-4094.009304609785;106.11147152977583;-1.546140993013978e-08;-18583.333333333332;18583.33333331787
5.287999999999861;-1459752513.0;-1434232178.0;155968.0;-3988.5516050799533;-4023.849802191362;42.00482111144993;0.0;-14166.666666666666;14166.666666666666
5.29199999999986;-1475706720.0;-1450393066.0;362649.0;-3988.5516050798287;-4052.0254680995345;79.06777001958062;3.115019353572279e-08;333.3333333333333;-333.3333333021831
5.29599999999986;-1491660927.0;-1466817627.0;833002.0;-3988.5516050799533;-4106.5522089069855;153.81968982707576;-3.115019353572279e-08;1000.0;-1000.0000000311502
5.2999999999998595;-1507615134.0;-1483093872.0;1155040.0;-3988.551605080015;-4054.4851672873338;115.60028220745107;-1.546140993013978e-08;-3250.0;3249.9999999845386
5.303999999999859;-1523569341.0;-1498870239.0;977200.0;-3988.5516050798287;-3929.2561580596307;-17.275847020347555;4.661160346586257e-08;1250.0;-1249.9999999533884
5.307999999999859;-1539523548.0;-1514377441.0;530195.0;-3988.5516050799533;-3887.975375666584;-77.77784441335098;-3.115019353572279e-08;15083.333333333334;-15083.333333364484
5.311999999999858;-1555477756.0;-1530065918.0;264465.0;-3988.551605080078;-3923.4304212651077;-53.749188814778336;-3.115019353572279e-08;17000.0;-17000.00000003115
5.315999999999858;-1571431963.0;-1545875244.0;119584.0;-3988.551605079767;-3961.906155432679;-21.503337647320222;7.776179700158536e-08;6166.666666666667;-6166.666666588905
5.319999999999857;-1587386170.0;-1561651611.0;-58257.0;-3988.5516050799533;-3932.742200343893;-58.314455736046966;-4.661160346586257e-08;-5583.333333333333;5583.333333286721
5.323999999999857;-1603340377.0;-1577208252.0;-455823.0;-3988.551605080078;-3891.651980298292;-116.50001378154411;-3.115019353572279e-08;-1000.0;999.9999999688498
5.327999999999856;-1619294584.0;-1592764893.0;-853389.0;-3988.5516050798287;-3900.8768508125227;-124.37048126748141;6.230038707144558e-08;4166.666666666667;-4166.666666604367
5.331999999999856;-1635248792.0;-1608739014.0;-833475.0;-3988.5516050799533;-3999.8477146981268;-24.54331538183169;-3.115019353572279e-08;2083.3333333333335;-2083.3333333644837
5.3359999999998555;-1651202999.0;-1624949341.0;-577355.0;-3988.5516050799533;-4045.5079414057286;32.13007132585744;0.0;-10333.333333333334;10333.333333333334
5.339999999999855;-1667157206.0;-1641137695.0;-343209.0;-3988.5516050798915;-4040.359625110361;37.05003303041303;1.546140993013978e-08;-14333.333333333334;14333.333333348795
5.343999999999855;-1683111413.0;-1657056885.0;-378226.0;-3988.5516050799533;-3986.870399009494;-17.94492407043799;-1.546140993013978e-08;-5833.333333333333;5833.333333317872
5.347999999999854;-1699065620.0;-1673173828.0;-215490.0;-3988.5516050798287;-4041.5685030311693;43.750827951253996;3.115019353572279e-08;3083.3333333333335;-3083.3333333021833
5.351999999999854;-1715019827.0;-1689373169.0;29644.0;-3988.551605080015;-4055.5981515098288;68.32123842991905;-4.661160346586257e-08;833.3333333333334;-833.333333379945
5.355999999999853;-1730974035.0;-1705215454.0;-82278.0;-3988.5516050799533;-3945.202541647406;-46.887017432499306;1.546140993013978e-08;-1083.3333333333333;1083.3333333487947
5.359999999999853;-1746928242.0;-1720656738.0;-595201.0;-3988.551605080015;-3861.7353084378096;-152.40993964216705;-1.546140993013978e-08;8083.333333333333;-8083.333333348794
5.363999999999852;-1762882449.0;-1736273804.0;-932343.0;-3988.5516050798915;-3915.4872808102964;-113.15507326967645;3.092281986027956e-08;14500.0;-14499.999999969077
5.367999999999852;-1778836656.0;-1752583008.0;-577346.0;-3988.5516050798915;-4085.4049539152747;72.02747083530176;0.0;2833.3333333333335;-2833.3333333333335
5.371999999999852;-1794790863.0;-1769111938.0;-2623.0;-3988.551605080015;-4120.7142136098655;132.04981952997514;-3.092281986027956e-08;-18500.0;18499.999999969077
5.375999999999851;-1810745070.0;-1785437622.0;368854.0;-3988.5516050798915;-4064.7209339055494;92.03005082560685;3.092281986027956e-08;-20333.333333333332;20333.333333364255
5.379999999999851;-1826699278.0;-1801428223.0;405248.0;-3988.551605080015;-4000.3427671973623;29.21682611738379;-3.092281986027956e-08;-3666.6666666666665;3666.6666666357437
5.38399999999985;-1842653485.0;-1817512207.0;535025.0;-3988.551605079705;-4025.9691078115543;60.423577731617115;7.753442332614213e-08;10000.0;-9999.999999922466
5.38799999999985;-1858607692.0;-1833623657.0;692267.0;-3988.551605080078;-4030.313146292789;71.5290222129006;-9.322320693172514e-08;7333.333333333333;-7333.333333426556
5.391999999999849;-1874561899.0;-1849504395.0;618798.0;-3988.551605080015;-3960.9627941978565;-0.9804968819908026;1.5688783605583012e-08;1833.3333333333333;-1833.3333333176445
5.395999999999849;-1890516106.0;-1865077515.0;237711.0;-3988.5516050798915;-3895.691979552076;-82.63805252796647;3.092281986027956e-08;6333.333333333333;-6333.33333330241
5.3999999999998485;-1906470314.0;-1880584717.0;-209294.0;-3988.5516050798915;-3886.47956753948;-111.07167954050374;0.0;12583.333333333334;-12583.333333333334
5.403999999999848;-1922424521.0;-1896366577.0;-381641.0;-3988.551605080015;-3944.46596837728;-60.49619970260255;-3.092281986027956e-08;7833.333333333333;-7833.333333364256
5.407999999999848;-1938378728.0;-1912412109.0;-290317.0;-3988.551605079705;-4014.1044103842014;13.069174304266198;7.753442332614213e-08;-4166.666666666667;4166.666666744201
5.411999999999847;-1954332935.0;-1928342285.0;-314348.0;-3988.551605080015;-3982.7845268637807;-19.284042216117996;-7.753442332614213e-08;-10666.666666666666;10666.666666589132
5.415999999999847;-1970287142.0;-1944349365.0;-261475.0;-3988.551605080078;-4007.9198068122755;8.124776732457121;-1.5688783605583012e-08;-5833.333333333333;5833.333333317644
5.419999999999846;-1986241349.0;-1960504761.0;-60286.0;-3988.5516050798915;-4049.2406977564165;58.09679467639171;4.661160346586257e-08;-3583.3333333333335;3583.333333379945
5.423999999999846;-2002195557.0;-1976978760.0;459506.0;-3988.5516050798287;-4119.738615132631;150.94576805264205;1.5688783605583012e-08;-6500.0;6500.000000015689
5.427999999999845;-2018149764.0;-1993249512.0;776051.0;-3988.551605080078;-4069.206525823176;114.02511374330106;-6.230038707144558e-08;-9583.333333333334;9583.333333271034
5.431999999999845;-2034103971.0;-2009201660.0;773991.0;-3988.5516050798287;-3978.6734214290286;23.4034293491045;6.230038707144558e-08;-1250.0;1250.0000000623004
5.4359999999998445;-2050058178.0;-2024983521.0;601645.0;-3988.5516050798915;-3958.196011552451;-4.484858527529013;-1.5688783605583012e-08;10666.666666666666;-10666.666666682355
5.439999999999844;-2066012385.0;-2040858765.0;522682.0;-3988.5516050798915;-3972.6048572323434;6.528578152486716;0.0;11833.333333333334;-11833.333333333334
5.443999999999844;-2081966593.0;-2056755981.0;465691.0;-3988.551605080015;-3957.111312934384;-11.415579145505944;-3.092281986027956e-08;4250.0;-4250.000000030923
5.447999999999843;-2097920800.0;-2072323608.0;79111.0;-3988.551605080078;-3887.9381089449535;-97.21172313497846;-1.5688783605583012e-08;1750.0;-1750.0000000156888
5.451999999999843;-2113875007.0;-2087797852.0;-400853.0;-3988.5516050798287;-3874.2656911179015;-131.52259296213924;6.230038707144558e-08;7333.333333333333;-7333.333333271033
5.455999999999842;-2129829214.0;-2103398438.0;-754474.0;-3988.5516050798915;-3914.1070291468354;-106.88695793313036;-1.5688783605583012e-08;8750.0;-8750.000000015689
5.459999999999842;-2145783421.0;-2119394531.0;-712588.0;-3988.551605080015;-4000.513446946648;-18.679442133214707;-3.092281986027956e-08;-1750.0;1749.9999999690772
5.463999999999841;-2161737628.0;-2135423584.0;-637742.0;-3988.551605079767;-4009.4887548777797;-6.485756202146604;6.207301339600235e-08;-11666.666666666666;11666.666666728739
5.467999999999841;-2177691836.0;-2151320801.0;-694732.0;-3988.551605080015;-3971.976771997006;-46.44830908290487;-6.207301339600235e-08;-9583.333333333334;9583.333333271261
5.4719999999998405;-2193646043.0;-2167338867.0;-630873.0;-3988.5516050798915;-4014.7196388053076;-0.9595052745626163;3.092281986027956e-08;-2083.3333333333335;2083.3333333642563
5.47599999999984;-2209600250.0;-2183796387.0;-127561.0;-3988.551605080015;-4108.647568938654;114.61084085870061;-3.092281986027956e-08;-4833.333333333333;4833.33333330241
5.47999999999984;-2225554457.0;-2200270386.0;392231.0;-3988.551605080015;-4113.120942979362;141.43527089941153;0.0;-10666.666666666666;10666.666666666666
5.483999999999839;-2241508664.0;-2216151123.0;318761.0;-3988.551605080015;-3964.3202064441853;-10.524675635823314;0.0;-6083.333333333333;6083.333333333333
5.487999999999839;-2257462871.0;-2231658325.0;-128244.0;-3988.551605079767;-3874.941316302529;-119.12478077749483;6.207301339600235e-08;12500.0;-12499.999999937927
5.491999999999838;-2273417079.0;-2247198486.0;-542290.0;-3988.5516050798915;-3897.114431660576;-114.75564341934569;-3.115019353572279e-08;21250.0;-21250.00000003115
5.495999999999838;-2289371286.0;-2263233032.0;-461951.0;-3988.551605080015;-4012.9989692492763;4.583471169445147;-3.092281986027956e-08;8666.666666666666;-8666.666666697589
5.4999999999998375;-2305325493.0;-2279421387.0;-227804.0;-3988.551605080015;-4042.9884840644936;44.64130698456938;0.0;-9916.666666666666;9916.666666666666
5.503999999999837;-2321279700.0;-2295466919.0;-136479.0;-3988.5516050798915;-4011.2600239296726;16.83982184964907;3.092281986027956e-08;-13750.0;13750.000000030923
5.507999999999837;-2337233907.0;-2311528931.0;-28674.0;-3988.551605080015;-4023.6710767554305;33.88648967546078;-3.092281986027956e-08;-4916.666666666667;4916.666666635744
5.511999999999836;-2353188115.0;-2327700806.0;188994.0;-3988.551605079767;-4045.907655704267;65.48279262433289;6.207301339600235e-08;500.0;-499.999999937927
5.515999999999836;-2369142322.0;-2344031982.0;565963.0;-3988.551605080015;-4072.43176489375;108.21656881383933;-6.207301339600235e-08;-3250.0;3249.999999937927
5.519999999999835;-2385096529.0;-2359874268.0;454041.0;-3988.5516050798915;-3960.5561745101886;-8.471667569688634;3.092281986027956e-08;-1416.6666666666667;1416.6666666975896
5.523999999999835;-2401050736.0;-2375595703.0;221269.0;-3988.551605080015;-3926.522311022587;-52.51472705738388;-3.092281986027956e-08;7416.666666666667;-7416.66666669759
5.527999999999834;-2417004943.0;-2391383057.0;54416.0;-3988.551605080015;-3959.7570974894857;-26.45461959043223;0.0;11916.666666666666;-11916.666666666666
5.531999999999834;-2432959150.0;-2407318726.0;35878.0;-3988.5516050795186;-3975.0831844417025;-11.925666638318035;1.241460267920047e-07;3916.6666666666665;-3916.6666665425205
5.5359999999998335;-2448913358.0;-2423062134.0;-174921.0;-3988.55160508014;-3932.154364320461;-63.91884375935888;-1.552962203277275e-07;-1583.3333333333333;1583.333333178037
5.539999999999833;-2464867565.0;-2438651733.0;-539529.0;-3988.551605080015;-3906.8215454038923;-104.92980667585834;3.115019353572279e-08;1500.0;-1499.9999999688498
5.543999999999833;-2480821772.0;-2454406128.0;-739342.0;-3988.5516050798915;-3957.1973244945857;-63.145986585492665;3.092281986027956e-08;5666.666666666667;-5666.666666635744
5.547999999999832;-2496775979.0;-2470753784.0;-345893.0;-3988.551605080015;-4096.87422831161;93.44922423163689;-3.092281986027956e-08;-4500.0;4499.999999969077
5.551999999999832;-2512730186.0;-2487288208.0;234324.0;-3988.551605080015;-4119.087508552229;140.61183547228438;0.0;-18250.0;18250.0
5.555999999999831;-2528684394.0;-2503509521.0;501430.0;-3988.5516050798915;-4051.766380529603;84.77626544960094;3.092281986027956e-08;-15416.666666666666;15416.666666697589
5.559999999999831;-2544638601.0;-2519527588.0;565290.0;-3988.5516050796423;-3999.933424475765;35.689289395782;6.230038707144558e-08;-1416.6666666666667;1416.6666667289671
5.56399999999983;-2560592808.0;-2535633545.0;717039.0;-3988.55160508014;-4029.0901060734336;71.37117799365114;-1.2437340046744794e-07;10166.666666666666;-10166.66666679104
5.56799999999983;-2576547015.0;-2551816406.0;945693.0;-3988.551605080015;-4041.5787388046756;93.69193272481925;3.115019353572279e-08;4416.666666666667;-4416.666666635517
5.5719999999998295;-2592501222.0;-2567757568.0;932648.0;-3988.551605080015;-3978.044720679572;29.596979599494716;0.0;916.6666666666666;-916.6666666666666
5.575999999999829;-2608455429.0;-2583231812.0;452685.0;-3988.5516050795186;-3872.9090787461905;-96.1770713338251;1.241460267920047e-07;6833.333333333333;-6833.333333209187
5.579999999999829;-2624409637.0;-2598623657.0;-109677.0;-3988.5516050798915;-3863.8603142718694;-129.40740180794865;-9.322320693172514e-08;16333.333333333334;-16333.333333426557
5.583999999999828;-2640363844.0;-2614251709.0;-435832.0;-3988.551605080015;-3910.249695168212;-97.0426859114491;-3.092281986027956e-08;11666.666666666666;-11666.666666697589
5.587999999999828;-2656318051.0;-2630066528.0;-575221.0;-3988.55160508014;-3943.620704004597;-69.66540407535376;-3.115019353572279e-08;-1333.3333333333333;1333.333333302183
5.591999999999827;-2672272258.0;-2645804443.0;-791513.0;-3988.551605080015;-3941.2435498243703;-81.34311425569285;3.115019353572279e-08;-7750.0;7750.00000003115
5.595999999999827;-2688226465.0;-2661569824.0;-980339.0;-3988.551605080015;-3942.8535291266667;-87.85265295341605;0.0;-5000.0;5000.0
5.5999999999998264;-2704180672.0;-2677587891.0;-916479.0;-3988.5516050798915;-4019.1213460663857;-8.838856013609075;3.092281986027956e-08;-1750.0;1750.0000000309228
5.603999999999826;-2720134880.0;-2694028931.0;-429646.0;-3988.551605080015;-4109.743157448195;102.71677436822392;-3.092281986027956e-08;-10833.333333333334;10833.333333302411
5.607999999999826;-2736089087.0;-2710469971.0;57187.0;-3988.5516050796423;-4094.6882910670342;108.59572698708189;9.322320693172514e-08;-15250.0;15250.000000093223
5.611999999999825;-2752043294.0;-2726460571.0;93579.0;-3988.55160508014;-3994.756681471208;10.228973391328509;-1.2437340046744794e-07;-7416.666666666667;7416.666666542294
5.615999999999825;-2767997501.0;-2742253418.0;-67781.0;-3988.5516050798915;-3950.4198257349617;-41.04636234489362;6.207301339600235e-08;8250.0;-8249.999999937927
5.619999999999824;-2783951708.0;-2758035278.0;-240128.0;-3988.5516050796423;-3958.3938944244815;-40.483214655543634;6.230038707144558e-08;15666.666666666666;-15666.666666604366
5.623999999999824;-2799905916.0;-2773905029.0;-324584.0;-3988.551605080015;-3957.4310095326864;-45.077707547117825;-9.322320693172514e-08;6750.0;-6750.000000093223
5.627999999999823;-2815860123.0;-2789697876.0;-485944.0;-3988.5516050798915;-3943.5856341304257;-65.86156294933244;3.092281986027956e-08;1083.3333333333333;-1083.3333333024104
5.631999999999823;-2831814330.0;-2805523682.0;-614346.0;-3988.551605080015;-3955.233072544752;-59.735410535203755;-3.092281986027956e-08;-1333.3333333333333;1333.3333333024104
5.6359999999998225;-2847768537.0;-2821712036.0;-380199.0;-3988.55160508014;-4054.8796676006673;49.979505520742805;-3.115019353572279e-08;-1916.6666666666667;1916.6666666355165
5.639999999999822;-2863722744.0;-2838175049.0;128607.0;-3988.551605079767;-4097.760866883287;114.73936280321368;9.322320693172514e-08;-11750.0;11750.000000093223
5.643999999999822;-2879676951.0;-2854511719.0;511070.0;-3988.55160508014;-4071.1392517627014;104.56365668270382;-9.322320693172514e-08;-12833.333333333334;12833.33333324011
5.647999999999821;-2895631159.0;-2870381470.0;426614.0;-3988.551605080015;-3974.8958205578942;4.688617477969274;3.115019353572279e-08;-1916.6666666666667;1916.666666697817
5.651999999999821;-2911585366.0;-2886124878.0;215815.0;-3988.5516050795186;-3939.5005006577094;-39.771059422402686;1.241460267920047e-07;12250.0;-12249.999999875854
5.65599999999982;-2927539573.0;-2902230835.0;367564.0;-3988.551605080015;-4034.473650527839;61.72729744802382;-1.241460267920047e-07;11083.333333333334;-11083.33333345748
5.65999999999982;-2943493780.0;-2918314819.0;497341.0;-3988.551605080015;-4015.1790543450734;48.01311226533289;0.0;-1833.3333333333333;1833.3333333333333
5.663999999999819;-2959447987.0;-2934080200.0;308515.0;-3988.55160508014;-3929.9015249478707;-45.38393513211395;-3.115019353572279e-08;-3083.3333333333335;3083.3333333021833
5.667999999999819;-2975402194.0;-2949395142.0;-330750.0;-3988.5516050795186;-3836.2485451017674;-166.5253099783008;1.552962203277275e-07;8250.0;-8249.999999844704
5.6719999999998185;-2991356402.0;-2965105591.0;-574508.0;-3988.551605080015;-3934.5091175165567;-78.74633156336222;-1.241460267920047e-07;14000.0;-14000.000000124146
5.675999999999818;-3007310609.0;-2981211548.0;-422758.0;-3988.551605080015;-4038.202309252702;31.47211017297559;0.0;916.6666666666666;-916.6666666666666
5.679999999999818;-3023264816.0;-2997592163.0;3649.0;-3988.551605080015;-4078.8363972881493;90.4416992081542;0.0;-17000.0;17000.0
5.683999999999817;-3039219023.0;-3013736572.0;193851.0;-3988.5516050798915;-4034.614757593157;54.398745513154154;3.092281986027956e-08;-16083.333333333334;16083.333333364257
5.687999999999817;-3055173230.0;-3029710693.0;213765.0;-3988.5516050798915;-3996.754325424688;17.39461534470456;0.0;-3166.6666666666665;3166.6666666666665
5.691999999999816;-3071127438.0;-3045948486.0;497351.0;-3988.551605080015;-4072.8650599142725;105.69954783438698;-3.092281986027956e-08;5333.333333333333;-5333.333333364256
5.695999999999816;-3087081645.0;-3062186279.0;780937.0;-3988.551605079767;-4044.311968397243;89.34065431731278;6.207301339600235e-08;-1416.6666666666667;1416.6666667287398
5.699999999999815;-3103035852.0;-3078231812.0;872262.0;-3988.551605080015;-4002.8919864472377;51.84764736732723;-6.207301339600235e-08;-1666.6666666666667;1666.6666666045937
5.703999999999815;-3118990059.0;-3093865356.0;551599.0;-3988.551605080015;-3915.573798494009;-49.259049585841694;0.0;4916.666666666667;-4916.666666666667
5.7079999999998146;-3134944266.0;-3109487915.0;219951.0;-3988.5516050798915;-3909.582358147165;-69.51135393283721;3.092281986027956e-08;14833.333333333334;-14833.333333302411
5.711999999999814;-3150898473.0;-3125286255.0;64084.0;-3988.551605080015;-3949.8458426712564;-35.95015040870521;-3.092281986027956e-08;8750.0;-8750.000000030923
5.715999999999814;-3166852681.0;-3140974731.0;-201647.0;-3988.551605080015;-3909.2872651907614;-87.93516088917886;0.0;666.6666666666666;-666.6666666666666
5.719999999999813;-3182806888.0;-3156284180.0;-846405.0;-3988.55160508014;-3838.750343374478;-186.19667670551553;-3.115019353572279e-08;3083.3333333333335;-3083.3333333644837
5.723999999999813;-3198761095.0;-3171774902.0;-1309891.0;-3988.5516050795186;-3886.7981045982374;-158.07881348184128;1.552962203277275e-07;7333.333333333333;-7333.333333178037
5.727999999999812;-3214715302.0;-3187924805.0;-1114195.0;-3988.551605080015;-4041.211371712519;4.749381632632321;-1.241460267920047e-07;-750.0;749.999999875854
5.731999999999812;-3230669509.0;-3204387817.0;-605390.0;-3988.551605080015;-4105.72558435509;91.14220927534097;0.0;-18916.666666666668;18916.666666666668
5.7359999999998115;-3246623717.0;-3220773926.0;-173488.0;-3988.5516050798915;-4094.4651957105084;98.45360663050633;3.092281986027956e-08;-22166.666666666668;22166.66666669759
5.739999999999811;-3262577924.0;-3236863403.0;-38218.0;-3988.551605079767;-4021.877636071453;31.682656991485146;3.115019353572279e-08;-8916.666666666666;8916.666666697816
5.743999999999811;-3278532131.0;-3252941895.0;86066.0;-3988.551605080015;-4027.5329233117236;42.68215623188189;-6.207301339600235e-08;6583.333333333333;-6583.333333395406
5.74799999999981;-3294486338.0;-3269003906.0;193870.0;-3988.5516050798915;-4013.9120621099437;33.69686703009438;3.092281986027956e-08;7083.333333333333;-7083.33333330241
5.75199999999981;-3310440545.0;-3284906616.0;142373.0;-3988.551605080015;-3958.648273140246;-23.78129293971824;-3.092281986027956e-08;4750.0;-4750.000000030923
5.755999999999809;-3326394752.0;-3300457764.0;-260686.0;-3988.551605080015;-3892.790964144187;-106.97013893574376;0.0;7416.666666666667;-7416.666666666667
5.759999999999809;-3342348960.0;-3316091309.0;-581348.0;-3988.5516050798915;-3921.224655972816;-92.32491310720843;3.092281986027956e-08;11250.0;-11249.999999969077
5.763999999999808;-3358303167.0;-3332197266.0;-429598.0;-3988.551605080015;-4025.1336362260377;18.109317146079775;-3.092281986027956e-08;2916.6666666666665;-2916.6666666975893
5.767999999999808;-3374257374.0;-3348665771.0;84699.0;-3988.551605079767;-4110.388019646116;125.47847156616854;6.207301339600235e-08;-12750.0;12750.000000062073
5.7719999999998075;-3390211581.0;-3364953003.0;417724.0;-3988.551605080015;-4051.0014167522622;80.41194367235994;-6.207301339600235e-08;-18666.666666666668;18666.666666604593
5.775999999999807;-3406165788.0;-3380789795.0;300309.0;-3988.551605080015;-3966.693146105843;-8.945171974019104;0.0;-2666.6666666666665;2666.6666666666665
5.779999999999807;-3422119995.0;-3396527710.0;84017.0;-3988.5516050798915;-3940.6108227218165;-44.32805135822218;3.092281986027956e-08;11250.0;-11249.999999969077
5.783999999999806;-3438074203.0;-3412705078.0;307178.0;-3988.5516050798915;-4049.458334352428;74.11538327246217;0.0;10416.666666666666;-10416.666666666666
5.787999999999806;-3454028410.0;-3428789063.0;436956.0;-3988.5516050796423;-4016.649810428556;46.887313348648604;6.230038707144558e-08;-3416.6666666666665;3416.666666728967
5.791999999999805;-3469982617.0;-3444521484.0;215169.0;-3988.551605080015;-3924.6988909105658;-54.60044716920038;-9.322320693172514e-08;-3250.0;3249.999999906777
5.795999999999805;-3485936824.0;-3460023193.0;-237329.0;-3988.55160508014;-3883.7009496002997;-115.05580247949274;-3.115019353572279e-08;7583.333333333333;-7583.333333364483
5.799999999999804;-3501891031.0;-3475733643.0;-481086.0;-3988.551605080015;-3933.2183673347477;-76.01993574528524;3.115019353572279e-08;12166.666666666666;-12166.666666635516
5.803999999999804;-3517845239.0;-3491795654.0;-373282.0;-3988.5516050798915;-4016.6976323889644;12.094901308877525;3.092281986027956e-08;750.0;-749.9999999690772
5.8079999999998035;-3533799446.0;-3507874146.0;-248997.0;-3988.551605080015;-4004.0450919114874;4.786615831516428;-3.092281986027956e-08;-11333.333333333334;11333.333333302411
5.811999999999803;-3549753653.0;-3523936157.0;-141194.0;-3988.5516050795186;-4016.7208862270395;22.09793914709826;1.241460267920047e-07;-9333.333333333334;9333.33333345748
5.815999999999803;-3565707860.0;-3540025635.0;-5923.0;-3988.5516050798915;-4023.1711611268875;34.364867047090684;-9.322320693172514e-08;-4000.0;3999.999999906777
5.819999999999802;-3581662067.0;-3556384277.0;398512.0;-3988.5516050802644;-4083.358593017921;111.94300393826416;-9.322320693172514e-08;-2000.0;1999.9999999067768
5.823999999999802;-3597616274.0;-3572704468.0;764496.0;-3988.551605079767;-4071.131267412348;115.45299033230731;1.2437340046744794e-07;-6916.666666666667;6916.66666679104
5.827999999999801;-3613570482.0;-3588760986.0;866807.0;-3988.5516050802644;-4005.7162675475533;54.43736346748665;-1.2437340046744794e-07;-2583.3333333333335;2583.33333320896
5.831999999999801;-3629524689.0;-3604471436.0;623050.0;-3988.5516050798915;-3950.649266753448;-11.111188326510728;9.322320693172514e-08;8666.666666666666;-8666.666666573443
5.8359999999998005;-3645478896.0;-3620396118.0;593524.0;-3988.5516050795186;-3986.334876015736;23.304802935636417;9.322320693172514e-08;11083.333333333334;-11083.33333324011
5.8399999999998;-3661433103.0;-3636348267.0;591466.0;-3988.55160508014;-3983.808519349197;20.68995226946572;-1.552962203277275e-07;5000.0;-5000.000000155296
5.8439999999998;-3677387310.0;-3651904907.0;193899.0;-3988.5516050798915;-3878.4623432433605;-101.7516048364023;6.207301339600235e-08;166.66666666666666;-166.66666660459364
5.847999999999799;-3693341518.0;-3667093506.0;-571709.0;-3988.5516050798915;-3803.8848167816213;-209.25027529841418;0.0;10833.333333333334;-10833.333333333334
5.851999999999799;-3709295725.0;-3682435913.0;-1183509.0;-3988.5516050802644;-3848.1095097248835;-191.3329823550348;-9.322320693172514e-08;15166.666666666666;-15166.66666675989
5.855999999999798;-3725249932.0;-3698481445.0;-1092185.0;-3988.5516050798915;-4022.607037391812;-12.90852268818253;9.322320693172514e-08;2500.0;-2499.999999906777
5.859999999999798;-3741204139.0;-3714823608.0;-704229.0;-3988.5516050795186;-4079.2629262539967;60.42947417388041;9.322320693172514e-08;-19583.333333333332;19583.333333426555
5.863999999999797;-3757158346.0;-3730962524.0;-519520.0;-3988.55160508014;-4031.1702890407237;20.279323960979127;-1.552962203277275e-07;-21333.333333333332;21333.333333178038
5.867999999999797;-3773112553.0;-3746958618.0;-477633.0;-3988.5516050798915;-4015.939600094225;6.849776014472354;6.207301339600235e-08;-7166.666666666667;7166.66666672874
5.8719999999997965;-3789066761.0;-3763185425.0;-205033.0;-3988.5516050802644;-4055.802713766765;58.43468968671732;-9.322320693172514e-08;2583.3333333333335;-2583.3333334265567
5.875999999999796;-3805020968.0;-3779500122.0;155457.0;-3988.5516050798915;-4079.9113001598885;98.04434607988196;9.322320693172514e-08;-166.66666666666666;166.66666675988986
5.879999999999796;-3820975175.0;-3795468750.0;169877.0;-3988.5516050795186;-3974.9206469428354;-6.326247137278642;9.322320693172514e-08;-4000.0;4000.000000093223
5.883999999999795;-3836929382.0;-3811107788.0;-145292.0;-3988.5516050798915;-3914.3165396553873;-80.4826214243667;-9.322320693172514e-08;8000.0;-8000.000000093223
5.887999999999795;-3852883589.0;-3826642456.0;-564831.0;-3988.55160508014;-3900.650575977633;-112.18876210204235;-6.207301339600235e-08;14916.666666666666;-14916.666666728739
5.891999999999794;-3868837796.0;-3842671509.0;-489985.0;-3988.5516050802644;-4014.503941141628;4.882981061631654;-3.115019353572279e-08;9250.0;-9250.00000003115
5.895999999999794;-3884792004.0;-3858958740.0;-156961.0;-3988.5516050795186;-4070.3345168893097;75.03358880914266;1.864464138634503e-07;-9500.0;9500.000000186446
5.899999999999793;-3900746211.0;-3875130615.0;60707.0;-3988.5516050798915;-4039.2957760013323;53.354571921353;-9.322320693172514e-08;-14500.0;14499.999999906777
5.903999999999793;-3916700418.0;-3891082764.0;58648.0;-3988.5516050798915;-3991.6016974811296;5.571956401457555;0.0;-5916.666666666667;5916.666666666667
5.9079999999997925;-3932654625.0;-3907051392.0;73069.0;-3988.55160508014;-4000.7564632171598;15.346825137267388;-6.207301339600235e-08;5583.333333333333;-5583.333333395406
5.911999999999792;-3948608832.0;-3923300171.0;367641.0;-3988.5516050802644;-4059.504759432251;86.76171735230992;-3.115019353572279e-08;2583.3333333333335;-2583.3333333644837
5.915999999999792;-3964563040.0;-3939378662.0;491925.0;-3988.5516050798915;-4017.0089830492752;49.61015296907499;9.322320693172514e-08;-2833.3333333333335;2833.3333334265567
5.919999999999791;-3980517247.0;-3955215454.0;374510.0;-3988.551605079767;-3951.6851923581457;-20.76248272194789;3.115019353572279e-08;-583.3333333333334;583.3333333644836
5.923999999999791;-3996471454.0;-3970986328.0;191176.0;-3988.5516050798915;-3945.9093709203657;-34.42166615946917;-3.115019353572279e-08;7166.666666666667;-7166.666666697817
5.92799999999979;-4012425661.0;-3986900024.0;150665.0;-3988.5516050802644;-3977.271217366379;-4.801792713438317;-9.322320693172514e-08;7333.333333333333;-7333.333333426556
5.93199999999979;-4028379868.0;-4002758789.0;55223.0;-3988.5516050798915;-3964.0214525222573;-22.155563557746973;9.322320693172514e-08;1333.3333333333333;-1333.33333324011
5.9359999999997894;-4044334075.0;-4018403320.0;-254453.0;-3988.551605079767;-3903.7073814402597;-95.78570263985557;3.115019353572279e-08;333.3333333333333;-333.3333333021831
5.939999999999789;-4060288283.0;-4034179688.0;-432292.0;-3988.5516050798915;-3953.2003058071173;-53.93985527268251;-3.115019353572279e-08;3416.6666666666665;-3416.6666666978167
5.943999999999789;-4076242490.0;-4050329590.0;-236597.0;-3988.5516050798915;-4039.0707717566884;40.34549567690328;0.0;-1333.3333333333333;1333.3333333333333
5.947999999999788;-4092196697.0;-4066803589.0;283194.0;-3988.5516050802644;-4107.274921569467;130.90065848957556;-9.322320693172514e-08;-12166.666666666666;12166.666666573443
5.951999999999788;-4108150904.0;-4082997437.0;522835.0;-3988.5516050798915;-4039.8169037304206;73.74720365039275;9.322320693172514e-08;-14416.666666666666;14416.66666675989
5.955999999999787;-4124105111.0;-4098900146.0;471337.0;-3988.551605079767;-3971.4665199321266;3.182405852019201;3.115019353572279e-08;-1500.0;1500.0000000311502
5.959999999999787;-4140059319.0;-4114769897.0;386881.0;-3988.5516050802644;-3982.7142649488433;10.798542869024914;-1.2437340046744794e-07;10833.333333333334;-10833.333333457707
5.963999999999786;-4156013526.0;-4130914307.0;577084.0;-3988.5516050798915;-4043.3777847767174;79.64079169676415;9.322320693172514e-08;7416.666666666667;-7416.666666573444
5.967999999999786;-4171967733.0;-4147091675.0;800244.0;-3988.5516050798915;-4032.2406197267624;78.09950664663029;0.0;-3833.3333333333335;3833.3333333333335
5.9719999999997855;-4187921940.0;-4162769165.0;523527.0;-3988.5516050798915;-3918.9440380487426;-47.0959060311352;0.0;-1916.6666666666667;1916.6666666666667
5.975999999999785;-4203876147.0;-4178073120.0;-126725.0;-3988.551605079767;-3822.0301043179315;-171.97067576194877;3.115019353572279e-08;10833.333333333334;-10833.333333302184
5.979999999999785;-4219830354.0;-4193415527.0;-738525.0;-3988.5516050798915;-3844.682260303205;-175.62591977663124;-3.115019353572279e-08;19750.0;-19750.00000003115
5.983999999999784;-4235784562.0;-4209153442.0;-954817.0;-3988.5516050798915;-3936.566642619984;-93.04209345981371;0.0;7916.666666666667;-7916.666666666667
5.987999999999784;-4251738769.0;-4225094604.0;-967862.0;-3988.5516050798915;-3988.549162699826;-41.62050838006326;0.0;-7500.0;7500.0
5.991999999999783;-4267692976.0;-4241030273.0;-986401.0;-3988.5516050798915;-3974.3867681212573;-56.580079958630904;0.0;-14666.666666666666;14666.666666666666
5.995999999999783;-4283647183.0;-4257103271.0;-867610.0;-3988.55160508014;-4024.0026031345615;-1.8562319453153577;-6.207301339600235e-08;-9000.0;8999.999999937927
5.999999999999782;-4299601390.0;-4273549805.0;-375283.0;-3988.5516050798915;-4117.14358114122;112.45480706122089;6.207301339600235e-08;-8500.0;8500.000000062073
6.003999999999782;-4315555597.0;-4289996338.0;117043.0;-3988.5516050798915;-4090.780339572065;107.26158349202342;0.0;-11166.666666666666;11166.666666666666
6.0079999999997815;-4331509805.0;-4306113281.0;279779.0;-3988.5516050802644;-4018.754157532394;42.23304945247992;-9.322320693172514e-08;-6500.0;6499.999999906777
6.011999999999781;-4347464012.0;-4321812744.0;25035.0;-3988.5516050798915;-3921.7411408775747;-65.73395920245002;9.322320693172514e-08;7500.0;-7499.999999906777
6.015999999999781;-4363418219.0;-4337583618.0;-158299.0;-3988.5516050795186;-3956.9898063448295;-38.36865573523937;9.322320693172514e-08;17666.666666666668;-17666.666666573445
6.01999999999978;-4379372426.0;-4353568726.0;-127398.0;-3988.55160508014;-4000.749600312207;6.719881232470925;-1.552962203277275e-07;8000.0;-8000.000000155296
6.02399999999978;-4395326633.0;-4369614258.0;-36073.0;-3988.5516050798915;-4012.956775895767;22.854031816027145;6.207301339600235e-08;-2833.3333333333335;2833.3333333954065
6.027999999999779;-4411280841.0;-4385418091.0;-186447.0;-3988.5516050802644;-3953.3552340929064;-43.213591987098425;-9.322320693172514e-08;-5666.666666666667;5666.666666573444
6.031999999999779;-4427235048.0;-4401392212.0;-166533.0;-3988.551605079767;-4007.59635917731;11.883835097293286;1.2437340046744794e-07;1250.0;-1249.9999998756266
6.035999999999778;-4443189255.0;-4417597046.0;84093.0;-3988.5516050796423;-4057.702238186084;72.76663210602783;3.115019353572279e-08;-1833.3333333333333;1833.3333333644835
6.039999999999778;-4459143462.0;-4433823853.0;356693.0;-3988.5516050798915;-4049.4584062261692;76.24460014645456;-6.230038707144558e-08;-6500.0;6499.9999999377
6.0439999999997776;-4475097669.0;-4449633179.0;211812.0;-3988.55160508014;-3962.0383085898648;-17.405380489850813;-6.207301339600235e-08;-3416.6666666666665;3416.6666666045935
6.047999999999777;-4491051876.0;-4465431519.0;55945.0;-3988.5516050796423;-3940.648843895275;-45.49712618471676;1.2437340046744794e-07;6250.0;-6249.999999875627
6.051999999999777;-4507006084.0;-4481361694.0;31913.0;-3988.5516050805127;-4001.402350416519;14.223004336604845;-2.1759660739917308e-07;9333.333333333334;-9333.33333355093
6.055999999999776;-4522960291.0;-4497533569.0;249581.0;-3988.5516050795186;-4027.174364818204;49.3547427382091;2.4851942725945264e-07;-2583.3333333333335;2583.333333581853
6.059999999999776;-4538914498.0;-4513496704.0;258508.0;-3988.5516050795186;-3991.0430639394967;13.60730285937234;0.0;-4833.333333333333;4833.333333333333
6.063999999999775;-4554868705.0;-4529014893.0;-177510.0;-3988.5516050805127;-3875.0006528925596;-121.18388218699374;-2.4851942725945264e-07;916.6666666666666;-916.666666915186
6.067999999999775;-4570822912.0;-4544631958.0;-514652.0;-3988.5516050795186;-3917.248336052563;-93.43330502734443;2.4851942725945264e-07;12916.666666666666;-12916.666666418147
6.0719999999997745;-4586777119.0;-4560682983.0;-417834.0;-3988.5516050802644;-4017.328546739623;10.8100796595686;-1.864464138634503e-07;4416.666666666667;-4416.666666853113
6.075999999999774;-4602731327.0;-4577041626.0;-13398.0;-3988.551605079767;-4084.518260389168;95.39054130934574;1.2437340046744794e-07;-10000.0;10000.000000124373
6.079999999999774;-4618685534.0;-4593218994.0;209763.0;-3988.5516050802644;-4039.5542259407675;60.02242986070496;-1.2437340046744794e-07;-16500.0;16499.999999875625
6.083999999999773;-4634639741.0;-4609127197.0;163758.0;-3988.5516050795186;-3987.1140930339993;5.6040819540394295;1.864464138634503e-07;-3666.6666666666665;3666.666666853113
6.087999999999773;-4650593948.0;-4625161743.0;244097.0;-3988.551605080015;-4022.9763000331445;44.920865953177326;-1.241460267920047e-07;6333.333333333333;-6333.333333457479
6.091999999999772;-4666548155.0;-4641481934.0;610081.0;-3988.551605080015;-4068.630699721031;106.31257764135762;0.0;1333.3333333333333;-1333.3333333333333
6.095999999999772;-4682502363.0;-4657659302.0;833242.0;-3988.551605080015;-4046.2580420379045;93.5358429578987;0.0;-4750.0;4750.0
6.099999999999771;-4698456570.0;-4673419189.0;638922.0;-3988.5516050802644;-3927.828906048451;-33.24905303159812;-6.230038707144558e-08;-1416.6666666666667;1416.6666666043664
6.103999999999771;-4714410777.0;-4689008789.0;274314.0;-3988.5516050795186;-3907.4575904927738;-69.29851258729013;1.864464138634503e-07;13000.0;-12999.999999813554
6.1079999999997705;-4730364984.0;-4704603882.0;-84800.0;-3988.551605080015;-3890.3130678103753;-101.88493726956222;-1.241460267920047e-07;12833.333333333334;-12833.33333345748
6.11199999999977;-4746319191.0;-4720182495.0;-460394.0;-3988.551605080015;-3894.613496910665;-113.73505016905438;0.0;9083.333333333334;-9083.333333333334
6.11599999999977;-4762273398.0;-4735662231.0;-934865.0;-3988.5516050802644;-3868.1997302735485;-160.55106980649225;-6.230038707144558e-08;1583.3333333333333;-1583.3333333956336
6.119999999999769;-4778227606.0;-4751328735.0;-1222568.0;-3988.551605079767;-3927.313716476951;-113.80831260320429;1.2437340046744794e-07;2000.0;-1999.9999998756266
6.123999999999769;-4794181813.0;-4767511597.0;-993913.0;-3988.5516050795186;-4045.1105771281423;13.820713048104608;6.207301339600235e-08;-7833.333333333333;7833.333333395406
6.127999999999768;-4810136020.0;-4783930664.0;-529054.0;-3988.5516050795186;-4111.615397170353;100.31447009073509;0.0;-16083.333333333334;16083.333333333334
6.131999999999768;-4826090227.0;-4800300293.0;-113632.0;-3988.5516050805127;-4076.735837756794;83.29805667729306;-2.4851942725945264e-07;-19250.0;19249.999999751482
6.135999999999767;-4842044434.0;-4816329346.0;-38786.0;-3988.5516050802644;-4001.24510886712;11.025705787225434;6.207301339600235e-08;-5333.333333333333;5333.333333395406
6.139999999999767;-4857998642.0;-4832188110.0;-134229.0;-3988.5516050795186;-3970.7073043957243;-23.616147684663247;1.864464138634503e-07;8416.666666666666;-8416.66666648022
6.1439999999997665;-4873952849.0;-4848255615.0;-20931.0;-3988.551605080015;-4015.0568948867995;25.605256806826674;-1.241460267920047e-07;10250.0;-10250.000000124146
6.147999999999766;-4889907056.0;-4864394531.0;163777.0;-3988.5516050795186;-4026.2596526078883;44.75045852820085;1.241460267920047e-07;1416.6666666666667;-1416.6666665425207
6.151999999999766;-4905861263.0;-4880214844.0;29883.0;-3988.5516050802644;-3946.7069727193416;-40.55966336051233;-1.864464138634503e-07;-2000.0;1999.9999998135536
6.155999999999765;-4921815470.0;-4895826416.0;-312752.0;-3988.5516050805127;-3908.259247122869;-93.7406939569446;-6.207301339600235e-08;6000.0;-6000.000000062073
6.159999999999765;-4937769677.0;-4911701660.0;-391715.0;-3988.551605079767;-3977.098113282502;-28.297236797841833;1.864464138634503e-07;8666.666666666666;-8666.66666648022
6.163999999999764;-4953723885.0;-4928010864.0;-36718.0;-3988.5516050795186;-4081.88231710225;91.7518380220381;6.207301339600235e-08;-2000.0;2000.000000062073
6.167999999999764;-4969678092.0;-4944232178.0;230389.0;-3988.5516050802644;-4043.281411726758;64.63653364705033;-1.864464138634503e-07;-13666.666666666666;13666.66666648022
6.1719999999997635;-4985632299.0;-4959975586.0;19589.0;-3988.5516050795186;-3941.2341842247656;-46.47509385509011;1.864464138634503e-07;-4916.666666666667;4916.666666853113
6.175999999999763;-5001586506.0;-4975762939.0;-147265.0;-3988.5516050802644;-3940.9372369149105;-53.9467631650532;-1.864464138634503e-07;6666.666666666667;-6666.666666853113
6.179999999999763;-5017540713.0;-4991973267.0;108856.0;-3988.551605079767;-4049.744784749225;65.8739876694267;1.2437340046744794e-07;7583.333333333333;-7583.33333320896
6.183999999999762;-5033494920.0;-5008205566.0;386948.0;-3988.551605080015;-4055.635251856942;83.72241077690023;-6.207301339600235e-08;-6250.0;6249.999999937927
6.187999999999762;-5049449128.0;-5024146729.0;373904.0;-3988.551605080015;-3971.9479239268117;-0.5258091530627098;0.0;-7250.0;7250.0
6.191999999999761;-5065403335.0;-5039752808.0;25776.0;-3988.551605079767;-3906.0276829358822;-81.41555414413097;6.207301339600235e-08;4750.0;-4749.999999937927
6.195999999999761;-5081357542.0;-5055435791.0;-245449.0;-3988.551605080015;-3928.0420279828086;-71.06388409713509;-6.207301339600235e-08;13250.0;-13250.000000062073
6.19999999999976;-5097311749.0;-5071475830.0;-159617.0;-3988.5516050795186;-4016.769437395077;21.354301315208886;1.241460267920047e-07;5583.333333333333;-5583.333333209187
6.20399999999976;-5113265956.0;-5087614746.0;25092.0;-3988.5516050805127;-4020.3026130820326;32.829964002239194;-2.4851942725945264e-07;-8583.333333333334;8583.333333084815
6.2079999999997595;-5129220164.0;-5103577881.0;34020.0;-3988.551605080015;-3994.571291547593;7.482546467642351;1.2437340046744794e-07;-8666.666666666666;8666.66666679104
6.211999999999759;-5145174371.0;-5119519043.0;20975.0;-3988.5516050795186;-3989.5318723889964;1.8821923086793504;1.241460267920047e-07;-1833.3333333333333;1833.3333334574793
6.215999999999759;-5161128578.0;-5135663452.0;211176.0;-3988.5516050802644;-4045.520591535464;66.04955445561791;-1.864464138634503e-07;2750.0;-2750.0000001864464
6.219999999999758;-5177082785.0;-5151945190.0;538707.0;-3988.551605079767;-4062.3487429327593;96.96153885295553;1.2437340046744794e-07;-4750.0;4750.000000124373
6.223999999999758;-5193036992.0;-5168051147.0;690457.0;-3988.5516050795186;-4013.8931929666887;55.0312388865932;6.207301339600235e-08;-5666.666666666667;5666.66666672874
6.227999999999757;-5208991199.0;-5183816528.0;501631.0;-3988.5516050802644;-3948.3784326790983;-18.60303940062022;-1.864464138634503e-07;2500.0;-2500.0000001864464
6.231999999999757;-5224945407.0;-5199680786.0;411682.0;-3988.551605079767;-3963.5758841872216;-7.273394892613851;1.2437340046744794e-07;9333.333333333334;-9333.33333320896
6.235999999999756;-5240899614.0;-5215660400.0;437089.0;-3988.5516050802644;-3985.690706669942;15.933928589906373;-1.2437340046744794e-07;5750.0;-5750.000000124373
6.239999999999756;-5256853821.0;-5231228027.0;50508.0;-3988.5516050795186;-3871.5228682558986;-114.85689282404564;1.864464138634503e-07;1500.0;-1499.9999998135536
6.2439999999997555;-5272808028.0;-5246306763.0;-824963.0;-3988.551605080015;-3776.714086538341;-247.31092754163092;-1.241460267920047e-07;11583.333333333334;-11583.33333345748
6.247999999999755;-5288762235.0;-5261610718.0;-1475215.0;-3988.5516050802644;-3837.4985554116965;-214.4872946680125;-6.230038707144558e-08;16250.0;-16250.0000000623
6.251999999999755;-5304716443.0;-5277623291.0;-1416849.0;-3988.551605080015;-4020.713698513642;-28.762413566468695;6.230038707144558e-08;4250.0;-4249.9999999377
6.255999999999754;-5320670650.0;-5294108276.0;-886071.0;-3988.551605080015;-4114.391269911315;87.73861183117924;0.0;-22166.666666666668;22166.666666666668
6.259999999999754;-5336624857.0;-5310466919.0;-481636.0;-3988.5516050795186;-4078.7592366885283;69.4972836084903;1.241460267920047e-07;-27250.0;27250.000000124146
6.263999999999753;-5352579064.0;-5326550903.0;-351859.0;-3988.5516050802644;-4022.028748107787;18.347206027941866;-1.864464138634503e-07;-12166.666666666666;12166.66666648022
6.267999999999753;-5368533271.0;-5342678833.0;-178136.0;-3988.551605079767;-4036.430401630886;40.21894855108303;1.2437340046744794e-07;5000.0;-4999.999999875627
6.271999999999752;-5384487478.0;-5358916626.0;105450.0;-3988.5516050802644;-4061.2145699901807;77.19731491011453;-1.2437340046744794e-07;5833.333333333333;-5833.333333457706
6.275999999999752;-5400441686.0;-5375104980.0;339597.0;-3988.5516050795186;-4035.510081711583;61.56114763164078;1.864464138634503e-07;-1000.0;1000.0000001864464
6.279999999999752;-5416395893.0;-5390908813.0;189223.0;-3988.551605079767;-3958.506331246294;-21.908684833682855;-6.207301339600235e-08;2416.6666666666665;-2416.6666667287395
6.283999999999751;-5432350100.0;-5406542358.0;-131440.0;-3988.5516050802644;-3906.3967937763855;-87.80673130323657;-1.2437340046744794e-07;9583.333333333334;-9583.333333457707
6.287999999999751;-5448304307.0;-5422494507.0;-133498.0;-3988.5516050795186;-3993.7409220399486;-0.5510970400146107;1.864464138634503e-07;10416.666666666666;-10416.66666648022
6.29199999999975;-5464258514.0;-5438671875.0;89663.0;-3988.5516050805127;-4034.9413089158165;50.24521283585318;-2.4851942725945264e-07;-3000.0;2999.9999997514806
6.29599999999975;-5480212721.0;-5454711914.0;175495.0;-3988.5516050795186;-3995.851952795476;14.846632715586566;2.4851942725945264e-07;-8500.0;8500.00000024852
6.299999999999749;-5496166929.0;-5470471802.0;-18824.0;-3988.551605080015;-3935.5765952602364;-53.78444181989744;-1.241460267920047e-07;-2750.0;2749.999999875854
6.303999999999749;-5512121136.0;-5486281128.0;-163705.0;-3988.5516050795186;-3955.5176750011074;-40.07324507859403;1.241460267920047e-07;7333.333333333333;-7333.333333209187
6.3079999999997485;-5528075343.0;-5502442017.0;42976.0;-3988.5516050802644;-4042.6837853595352;55.98014827973202;-1.864464138634503e-07;3416.6666666666665;-3416.666666853113
6.311999999999748;-5544029550.0;-5518663330.0;310082.0;-3988.551605080015;-4034.8616641514413;59.64358507165207;6.230038707144558e-08;-7750.0;7750.0000000623
6.315999999999748;-5559983757.0;-5534549561.0;242106.0;-3988.551605080015;-3969.4184951829093;-8.722551897237281;0.0;-5833.333333333333;5833.333333333333
6.319999999999747;-5575937965.0;-5550309448.0;47786.0;-3988.5516050795186;-3942.4294422331045;-44.06736484689327;1.241460267920047e-07;3500.0;-3499.999999875854
6.323999999999747;-5591892172.0;-5566217651.0;1782.0;-3988.5516050805127;-3983.2438669469097;-5.2311121329357775;-2.4851942725945264e-07;9416.666666666666;-9416.666666915185
6.327999999999746;-5607846379.0;-5582285156.0;115079.0;-3988.5516050795186;-4005.191125804465;21.587917724551517;2.4851942725945264e-07;0.0;2.4851942725945264e-07
6.331999999999746;-5623800586.0;-5598116455.0;-7829.0;-3988.5516050802644;-3952.3627626878433;-36.5254893922247;-1.864464138634503e-07;-3166.6666666666665;3166.66666648022
6.335999999999745;-5639754793.0;-5613892822.0;-185669.0;-3988.551605079767;-3937.8010472032056;-58.73432487659966;1.2437340046744794e-07;250.0;-249.9999998756266
6.339999999999745;-5655709000.0;-5629757080.0;-275618.0;-3988.5516050795186;-3984.056853738144;-16.34632534191951;6.207301339600235e-08;5750.0;-5749.999999937927
6.3439999999997445;-5671663208.0;-5646132202.0;145297.0;-3988.5516050802644;-4085.100256557554;102.79642247792617;-1.864464138634503e-07;-4500.0;4499.999999813554
6.347999999999744;-5687617415.0;-5662375488.0;434376.0;-3988.5516050805127;-4062.625074902248;92.75163782244954;-6.207301339600235e-08;-10916.666666666666;10916.666666604593
6.351999999999744;-5703571622.0;-5678349609.0;454289.0;-3988.5516050795186;-3991.6170014286527;22.599823348289647;2.4851942725945264e-07;-7583.333333333333;7583.3333335818525
6.355999999999743;-5719525829.0;-5694208374.0;358847.0;-3988.551605079767;-3973.780852179259;0.6596680991310677;-6.207301339600235e-08;6000.0;-6000.000000062073
6.359999999999743;-5735480036.0;-5710248413.0;444679.0;-3988.5516050805127;-4023.8883703178203;54.457962238212076;-1.864464138634503e-07;8250.0;-8250.000000186446
6.363999999999742;-5751434243.0;-5726398315.0;640374.0;-3988.551605079767;-4026.8395827814156;65.8240597013355;1.864464138634503e-07;-750.0;750.0000001864464
6.367999999999742;-5767388451.0;-5742158203.0;446055.0;-3988.5516050795186;-3932.5477724505067;-36.82346762964562;6.207301339600235e-08;-1666.6666666666667;1666.6666667287398
6.371999999999741;-5783342658.0;-5757297363.0;-368992.0;-3988.5516050802644;-3780.9520832476132;-223.4661778321256;-1.864464138634503e-07;9666.666666666666;-9666.666666853112
6.375999999999741;-5799296865.0;-5772573853.0;-1046710.0;-3988.5516050795186;-3845.2320706869737;-188.3280643927992;1.864464138634503e-07;22166.666666666668;-22166.66666648022
6.3799999999997405;-5815251072.0;-5788465576.0;-1109194.0;-3988.5516050802644;-3980.778512397621;-55.468434682311;-1.864464138634503e-07;7416.666666666667;-7416.666666853113
6.38399999999974;-5831205279.0;-5804703369.0;-825608.0;-3988.551605079767;-4060.5327119950393;36.47996291523259;1.2437340046744794e-07;-13250.0;13250.000000124373
6.38799999999974;-5847159487.0;-5820825806.0;-657378.0;-3988.551605080015;-4012.6949243821578;-4.123934697928689;-6.207301339600235e-08;-24083.333333333332;24083.333333271257
6.391999999999739;-5863113694.0;-5836821899.0;-615492.0;-3988.551605080015;-4008.018519274358;-6.999241805511247;0.0;-8250.0;8250.0
6.395999999999739;-5879067901.0;-5853010254.0;-381345.0;-3988.551605079767;-4049.773083376013;44.82364329602842;6.207301339600235e-08;83.33333333333333;-83.33333327126032
6.399999999999738;-5895022108.0;-5869462280.0;116474.0;-3988.551605080015;-4114.9807303859;131.43750730596958;-6.207301339600235e-08;-1333.3333333333333;1333.3333332712602
6.403999999999738;-5910976315.0;-5885524292.0;224279.0;-3988.5516050795186;-4009.5758605556452;30.668252475833924;1.241460267920047e-07;-6500.0;6500.000000124146
6.4079999999997375;-5926930522.0;-5901333618.0;79398.0;-3988.5516050805127;-3947.957989878405;-37.179501201443145;-2.4851942725945264e-07;3666.6666666666665;-3666.666666915186
6.411999999999737;-5942884730.0;-5917060547.0;-147880.0;-3988.551605080015;-3943.2865999690594;-51.623845110838374;1.2437340046744794e-07;12416.666666666666;-12416.666666542293
6.415999999999737;-5958838937.0;-5933204956.0;42322.0;-3988.5516050802644;-4024.4894131173864;37.75765403707055;-6.230038707144558e-08;7166.666666666667;-7166.666666728967
6.419999999999736;-5974793144.0;-5949234009.0;117167.0;-3988.5516050795186;-4006.579519369293;23.066095289219902;1.864464138634503e-07;-3666.6666666666665;3666.666666853113
6.423999999999736;-5990747351.0;-5965087280.0;16231.0;-3988.551605079767;-3951.745005154807;-36.1086669251049;-6.207301339600235e-08;-5083.333333333333;5083.33333327126
6.427999999999735;-6006701558.0;-5980797729.0;-227527.0;-3988.5516050802644;-3936.8837268561683;-61.45153922348527;-1.2437340046744794e-07;4833.333333333333;-4833.333333457706
6.431999999999735;-6022655766.0;-5996788330.0;-191133.0;-3988.5516050795186;-3999.47125547757;2.700931397595923;1.864464138634503e-07;5083.333333333333;-5083.333333146887
6.435999999999734;-6038609973.0;-6012916260.0;-17410.0;-3988.551605079767;-4022.6754273764677;33.37519229653162;-6.207301339600235e-08;-2666.6666666666665;2666.6666666045935
6.439999999999734;-6054564180.0;-6028978271.0;90393.0;-3988.5516050802644;-4003.7755672539583;19.110861174327965;-1.2437340046744794e-07;-7750.0;7749.999999875627
6.4439999999997335;-6070518387.0;-6044875488.0;33403.0;-3988.5516050795186;-3965.4895260406174;-21.625750039298055;1.864464138634503e-07;-2833.3333333333335;2833.33333351978
6.447999999999733;-6086472594.0;-6060712280.0;-84012.0;-3988.5516050805127;-3960.664456794966;-31.499664285003746;-2.4851942725945264e-07;5250.0;-5250.000000248519
6.451999999999733;-6102426801.0;-6076862183.0;111684.0;-3988.551605079767;-4023.672928293437;39.923735213515556;1.864464138634503e-07;2250.0;-2249.9999998135536
6.455999999999732;-6118381009.0;-6092924194.0;219488.0;-3988.5516050795186;-4014.4906865383946;35.37706545817309;6.207301339600235e-08;-2666.6666666666665;2666.6666667287395
6.459999999999732;-6134335216.0;-6108766479.0;107566.0;-3988.5516050805127;-3953.5265225448125;-30.399744534844558;-2.4851942725945264e-07;-2750.0;2749.9999997514806
6.463999999999731;-6150289423.0;-6124284668.0;-328453.0;-3988.5516050795186;-3895.998529469643;-106.67655461026334;2.4851942725945264e-07;7916.666666666667;-7916.6666664181475
6.467999999999731;-6166243630.0;-6140330200.0;-237128.0;-3988.5516050802644;-4012.272379393861;13.524270313774196;-1.864464138634503e-07;6916.666666666667;-6916.666666853113
6.47199999999973;-6182197837.0;-6156677856.0;156321.0;-3988.551605079767;-4089.0022664028334;107.17246432304728;1.2437340046744794e-07;-5083.333333333333;5083.333333457706
6.47599999999973;-6198152044.0;-6172981567.0;505825.0;-3988.5516050802644;-4066.497442784291;99.69631270425816;-1.2437340046744794e-07;-15500.0;15499.999999875627
6.4799999999997295;-6214106252.0;-6188724976.0;295027.0;-3988.5516050795186;-3941.421144473825;-34.44429960609659;1.864464138634503e-07;-4833.333333333333;4833.333333519779
6.483999999999729;-6230060459.0;-6204644165.0;260009.0;-3988.551605079767;-3995.580813589737;18.209595509756582;-6.207301339600235e-08;9166.666666666666;-9166.666666728739
6.487999999999729;-6246014666.0;-6220810547.0;472183.0;-3988.5516050802644;-4044.4418432399443;76.19410716029415;-1.2437340046744794e-07;6250.0;-6250.000000124373
6.491999999999728;-6261968873.0;-6237026367.0;733796.0;-3988.5516050795186;-4037.3516015092546;80.353224429286;1.864464138634503e-07;-4916.666666666667;4916.666666853113
6.495999999999728;-6277923080.0;-6252846680.0;599902.0;-3988.5516050805127;-3942.134189761307;-20.621629318648957;-2.4851942725945264e-07;-5250.0;5249.999999751481
6.499999999999727;-6293877288.0;-6268255005.0;54020.0;-3988.5516050795186;-3852.841007936012;-133.38773714388708;2.4851942725945264e-07;9916.666666666666;-9916.666666418147
6.503999999999727;-6309831495.0;-6283619385.0;-535807.0;-3988.5516050805127;-3853.648486785505;-157.9428192945943;-2.4851942725945264e-07;19000.0;-19000.000000248518
6.5079999999997264;-6325785702.0;-6299176025.0;-933375.0;-3988.551605079767;-3896.4046062416173;-132.2821238383085;1.864464138634503e-07;11750.0;-11749.999999813554
6.511999999999726;-6341739909.0;-6315073242.0;-990365.0;-3988.5516050795186;-3964.2314601816834;-66.90583989852121;6.207301339600235e-08;-3416.6666666666665;3416.6666667287395
6.515999999999726;-6357694116.0;-6330937500.0;-1080314.0;-3988.551605080015;-3971.7420698916017;-63.263037187995906;-1.241460267920047e-07;-11333.333333333334;11333.333333209188
6.519999999999725;-6373648323.0;-6347087402.0;-884619.0;-3988.551605080015;-4043.640956066452;17.050733986734485;0.0;-10833.333333333334;10833.333333333334
6.523999999999725;-6389602531.0;-6363462524.0;-463704.0;-3988.5516050795186;-4095.3612124169654;86.87033533695467;1.241460267920047e-07;-11083.333333333334;11083.33333345748
6.527999999999724;-6405556738.0;-6379881592.0;1157.0;-3988.5516050805127;-4096.12785842941;107.62600434964088;-2.4851942725945264e-07;-11416.666666666666;11416.666666418147
6.531999999999724;-6421510945.0;-6395905151.0;70508.0;-3988.5516050795186;-4003.3646581134685;17.84489703354211;2.4851942725945264e-07;-5083.333333333333;5083.3333335818525
6.535999999999723;-6437465152.0;-6411670532.0;-118318.0;-3988.5516050802644;-3954.626973423306;-39.01230565678816;-1.864464138634503e-07;9166.666666666666;-9166.666666853112
6.539999999999723;-6453419359.0;-6427655640.0;-87417.0;-3988.551605079767;-4005.848188003358;13.537651923541944;1.2437340046744794e-07;11750.0;-11749.999999875627
6.5439999999997225;-6469373567.0;-6443915405.0;218141.0;-3988.5516050795186;-4066.5075032299424;87.33596114983357;6.207301339600235e-08;1750.0;-1749.999999937927
6.547999999999722;-6485327774.0;-6459927979.0;276508.0;-3988.5516050802644;-3990.6810482447595;14.019287165107471;-1.864464138634503e-07;-7083.333333333333;7083.333333146887
6.551999999999722;-6501281981.0;-6475605469.0;-210.0;-3988.5516050805127;-3921.1510441458486;-67.40959093396805;-6.207301339600235e-08;916.6666666666666;-916.6666667287396
6.555999999999721;-6517236188.0;-6491414795.0;-145091.0;-3988.5516050795186;-3963.147783182964;-31.642734897440732;2.4851942725945264e-07;9166.666666666666;-9166.666666418147
6.559999999999721;-6533190395.0;-6507537231.0;23138.0;-3988.551605079767;-4044.241884009328;56.685212929223326;-6.207301339600235e-08;4833.333333333333;-4833.333333395406
6.56399999999972;-6549144602.0;-6523764038.0;295738.0;-3988.5516050805127;-4041.252140714649;65.41726963503743;-1.864464138634503e-07;-8916.666666666666;8916.66666648022
6.56799999999972;-6565098810.0;-6539578857.0;156350.0;-3988.5516050795186;-3949.8389638209383;-31.98959125912188;2.4851942725945264e-07;-6750.0;6750.000000248519
6.571999999999719;-6581053017.0;-6555278320.0;-98394.0;-3988.551605080015;-3928.9108689357417;-63.871678144314046;-1.241460267920047e-07;4833.333333333333;-4833.333333457479
6.575999999999719;-6597007043.0;-6571279907.0;-51015.0;-3988.5064554391347;-4002.01642532374;11.271175244006372;11.287410220120364;8666.666666666666;-8655.379256446546
6.5799999999997185;-6612959722.0;-6587512207.0;227150.0;-3988.1693829857086;-4052.025881174598;73.25962722176018;84.26811335652928;-2416.6666666666665;2500.934780023196
6.583999999999718;-6628907511.0;-6603651123.0;412573.0;-3986.947221891495;-4015.9639125584813;45.33147553172739;305.54027355344715;-10500.0;10805.540273553448
6.587999999999718;-6644843075.0;-6619361572.0;172274.0;-3983.890808641572;-3941.1041217773372;-39.17488646465108;764.1033124806427;-916.6666666666666;1680.7699791473092
6.591999999999717;-6660753519.0;-6635077515.0;-54754.0;-3977.6107437721166;-3932.4897364476583;-55.60724844686956;1570.0162173639;9083.333333333334;-7513.317115969434
6.595999999999717;-6676618124.0;-6650985718.0;-72227.0;-3966.1510668166684;-3988.8802989197075;4.355768201482988;2864.9192388620577;9250.0;-6385.080761137942
6.599999999999716;-6692407129.0;-6667102661.0;152299.0;-3947.25110471138;-4018.585752089493;52.030650917659386;4724.990526322131;-4000.0;8724.99052632213
6.603999999999716;-6708082814.0;-6683010864.0;225603.0;-3918.9211108180625;-3982.1591289181747;33.13538421966314;7082.498473329338;-6000.0;13082.498473329339
6.607999999999715;-6723602119.0;-6698759766.0;229987.0;-3879.825953577298;-3939.7510210190303;13.51101526469165;9773.789310191092;-1000.0;10773.789310191092
6.611999999999715;-6738919526.0;-6714569092.0;424966.0;-3829.3515460256663;-3959.1783672941738;73.86541740223856;12618.601887907971;6333.333333333333;6285.268554574638
6.6159999999997146;-6753989809.0;-6730378418.0;794120.0;-3767.5705180348596;-3948.5962361882216;122.70068335560927;15445.256997701676;3416.6666666666665;12028.59033103501
6.619999999999714;-6768770414.0;-6745929565.0;1124658.0;-3695.1512323092984;-3877.928867541846;121.13707930424334;18104.821431390294;2583.3333333333335;15521.488098056958
6.623999999999714;-6783223162.0;-6760783081.0;1021296.0;-3613.186678261451;-3707.358395165656;12.05472215878126;20491.13851196182;11583.333333333334;8907.805178628489
6.627999999999713;-6797315894.0;-6775274048.0;859950.0;-3523.1828645685064;-3622.9208855451493;-3.1791635326417236;22500.953423236184;24916.666666666668;-2415.713243430485
6.631999999999713;-6811024526.0;-6789424438.0;698412.0;-3427.157850896525;-3534.508405074462;-13.44171242616494;24006.253417995365;28750.0;-4743.746582004633
6.635999999999712;-6824334086.0;-6803289185.0;620607.0;-3327.389848462126;-3455.427017662261;-3.524694472000192;24942.000608599756;24833.333333333332;108.66727526642353
6.639999999999712;-6837237536.0;-6816445313.0;224079.0;-3225.8624357836666;-3285.029725194596;-93.49892117621448;25381.853169614827;23416.666666666668;1965.1865029481605
6.6439999999997115;-6849733129.0;-6829156494.0;-215623.0;-3123.8980580695643;-3176.238921755262;-120.75326108495165;25491.094428525572;29666.666666666668;-4175.572238141097
6.647999999999711;-6861821713.0;-6841625977.0;-490260.0;-3022.145901285925;-3126.100298914656;-81.01092148243652;25438.039195909823;30333.333333333332;-4895.294137423509
6.651999999999711;-6873504814.0;-6854188843.0;-264004.0;-2920.775173816781;-3145.8174144267737;50.31287711880941;25342.681867286046;21000.0;4342.681867286046
6.65599999999971;-6884783654.0;-6866707764.0;324716.0;-2819.7097761303958;-3127.146488466755;158.55908066109305;25266.34942159626;7000.0;18266.34942159626
6.65999999999971;-6895658882.0;-6878715820.0;807578.0;-2718.8069685585965;-2981.637692595523;135.06525470829;25225.701892949815;4916.666666666667;20309.035226283147
6.663999999999709;-6906130689.0;-6889833984.0;804559.0;-2617.9516087269008;-2775.0010741865563;29.301541587448355;25213.839957923938;20083.333333333332;5130.5066245906055
6.667999999999709;-6916199020.0;-6900287476.0;540408.0;-2517.0826478008144;-2609.735150187172;-46.43792745128803;25217.240231521602;37583.333333333336;-12366.093101811735
6.671999999999708;-6925863753.0;-6910372925.0;311658.0;-2416.183023435844;-2521.3084399464615;-43.83985722472835;25224.90609124259;43500.0;-18275.09390875741
6.675999999999708;-6935124789.0;-6920518799.0;546858.0;-2315.258965230472;-2525.4898340983837;71.33617573368747;25231.014551343036;29666.666666666668;-4435.652115323631
6.6799999999997075;-6943982082.0;-6930439453.0;960473.0;-2214.323031941857;-2476.5126814618147;141.05360042947223;25233.983322153676;15333.333333333334;9900.649988820343
6.683999999999707;-6952435623.0;-6939909668.0;1327365.0;-2113.3851210228577;-2363.7708209078573;145.01671919882438;25234.47772974987;10916.666666666666;14317.811063083203
6.687999999999707;-6960485423.0;-6948781128.0;1499247.0;-2012.4500637411527;-2217.857026815336;107.43049891387136;25233.764320426246;19666.666666666668;5567.097653759578
6.691999999999706;-6968131499.0;-6956905518.0;1327808.0;-1911.5187192419742;-2012.709964782603;-4.151672210168499;25232.83612479463;31166.666666666668;-5933.830541872037
6.695999999999706;-6975373859.0;-6964365234.0;895428.0;-1810.5899986881448;-1864.671386884868;-69.84898816588134;25232.180138457352;41250.0;-16017.819861542648
6.699999999999705;-6982212509.0;-6971528320.0;570140.0;-1709.66244990632;-1790.7746404899658;-56.80279266031039;25231.88719545618;39083.333333333336;-13851.446137877154
6.703999999999705;-6988647450.0;-6978526611.0;483770.0;-1608.7350383438766;-1755.1343659068086;4.77129409570307;25231.852890610866;30750.0;-5518.147109389133
6.707999999999704;-6994678679.0;-6985206299.0;482507.0;-1507.807298270292;-1661.920632096;12.430752527254981;25231.935018396143;17833.333333333332;7398.601685062811
6.711999999999704;-7000306196.0;-6991583862.0;582829.0;-1406.8791720653903;-1593.5047952486464;49.25630429589728;25232.031551225416;16416.666666666668;8815.36488455875
6.7159999999997035;-7005529999.0;-6997675781.0;801219.0;-1305.9507871941628;-1518.4514380490855;84.52160834003621;25232.096217806884;17083.333333333332;8148.762884473552
6.719999999999703;-7010350089.0;-7003504028.0;1159649.0;-1205.0222951711532;-1452.7319243881032;135.14281117866676;25232.123005752386;19083.333333333332;6148.789672419052
6.723999999999703;-7014766464.0;-7008744507.0;1334026.0;-1104.093798018601;-1306.8278954132572;97.66541904345013;25232.12428813804;20000.0;5232.1242881380385
6.727999999999702;-7018779126.0;-7013342285.0;1269415.0;-1003.1653382692779;-1142.26444014287;31.25218420200622;25232.114937330807;27416.666666666668;-2184.5517293358616
6.731999999999702;-7022388182.0;-7017258911.0;927366.0;-902.2638975988239;-967.8137839974277;-56.97809665076579;25225.3601676135;35416.666666666664;-10191.306499053162
6.735999999999701;-7025594329.0;-7020719604.0;533056.0;-801.5369219515816;-861.3322100757845;-79.49725324654082;25181.743911810572;39500.0;-14318.25608818943
6.739999999999701;-7028399685.0;-7023966064.0;327842.0;-701.3388449776938;-804.9919567685537;-43.829282224047574;25049.519243471936;32833.333333333336;-7783.814089861402
6.7439999999997005;-7030808841.0;-7027020264.0;332441.0;-602.2889615732284;-762.5880066212789;14.482822472029056;24762.470851116348;23333.333333333332;1429.1375177830155
6.7479999999997;-7032830851.0;-7029827271.0;488831.0;-505.50242153637515;-694.5303239378483;52.895844968385745;24196.635009213325;14750.0;9446.635009213323
6.7519999999997;-7034482182.0;-7032183838.0;587418.0;-412.83285604280684;-580.1012047404834;40.86519759160535;23167.391373392078;15583.333333333334;7584.058040058744
6.755999999999699;-7035788642.0;-7034095459.0;621729.0;-326.61502285722054;-470.16098162296043;27.56783320980901;21554.458296396577;21083.333333333332;471.12496306324306
6.759999999999699;-7036784762.0;-7035633545.0;643048.0;-249.03002403935406;-385.40561160100253;33.8648575273607;19396.24970446662;26000.0;-6603.75029553338
6.763999999999698;-7037511414.0;-7036787109.0;611176.0;-181.66284489546297;-290.14411937621236;20.065721668333936;16841.794785972772;26166.666666666668;-9324.871880693894
6.767999999999698;-7038012966.0;-7037649536.0;582505.0;-125.38795920153359;-215.87031469329446;18.143439969908655;14068.721423482344;23333.333333333332;-9264.611909850988
6.771999999999697;-7038334556.0;-7038281250.0;575236.0;-80.39759867531143;-158.03864861719683;23.028335039004673;11247.59013155554;19916.666666666668;-8669.076535111128
6.775999999999697;-7038519937.0;-7038654785.0;517252.0;-46.345213064943565;-94.33693270291761;8.699048817261826;8513.096402591966;17500.0;-8986.903597408034
6.7799999999996965;-7038610092.0;-7038819580.0;413408.0;-22.53867220553716;-40.52434453049675;-8.859086712538634;5951.635214851601;15500.0;-9548.364785148398
6.783999999999696;-7038641474.0;-7038858032.0;303436.0;-7.845706784953476;-12.974995617575944;-11.083073670716642;3673.2413551459213;13500.0;-9826.758644854079
6.787999999999696;-7038643136.0;-7038880005.0;257999.0;-0.4154970098847999;-5.829866361603141;0.07119091745752382;1857.552443767169;9750.0;-7892.447556232831
6.791999999999695;-7038634526.0;-7038901978.0;260029.0;2.1526887871306686;-7.280212126545608;13.475622826074858;642.0464492538671;5083.333333333333;-4441.286884079466
6.795999999999695;-7038625867.0;-7038901978.0;262266.0;2.1646693526031124;-1.1035457414127887;12.940195886750915;2.995141368110965;1583.3333333333333;-1580.3381919652222
6.799999999999694;-7038620686.0;-7038907471.0;276329.0;1.295145522251058;0.0919562881179154;13.932581642380066;-217.38095758801362;500.0;-717.3809575880136
6.803999999999694;-7038618860.0;-7038912964.0;289101.0;0.45660484344661345;-1.3823398349359632;15.63352937649958;-209.63516970111112;333.3333333333333;-542.9685030344444
6.807999999999693;-7038619003.0;-7038912964.0;292973.0;-0.03564807497433387;-0.15406200053170324;13.71967311203503;-123.06322960523683;250.0;-373.0632296052368
6.811999999999693;-7038619810.0;-7038918457.0;299530.0;-0.20185344186793502;-0.5069154510758818;13.653053028144743;-41.551341723400284;0.0;-41.551341723400284
6.8159999999996925;-7038620525.0;-7038918457.0;299135.0;-0.1788123027558766;0.2317398435920477;12.532403544860228;5.760284778014609;0.0;5.760284778014609
6.819999999999692;-7038620900.0;-7038934937.0;314848.0;-0.09369492236668839;-6.2146352657824755;19.561355135085407;21.27934509729705;0.0;21.27934509729705
